-1
-1
-1
-1
-1
-1
-1
-1
-1
-1
-1
-1
-1
-1
-1
-1
-1
-1
-1
-1
-1
-1
-1
-1
-1
-1
-1
-1
-1
-1
-1
-1
-1
-1
-1
-1
-1
-1
-1
-1
-1
-1
-1
-1
-1
-1
-1
-1
-1
-1
-1
-1
-1
-1
-1
-1
-1
-1
-1
-1
-1
-1
-1
-1
-1
-1
-1
-1
-1
-1
-1
-1
-1
-1
-1
-1
-1
-1
-1
-1
-1
-1
-1
-1
-1
-1
-1
-1
-1
-1
-1
-1
-1
-1
-1
-1
-1
-1
-1
-1
19.9999
-1
-1
-1
-1
-1
-1
-1
-1
-1
-1
-1
-1
-1
-1
-1
-1
-1
-1
-1
-1
-1
-1
-1
-1
-1
-1
-1
-1
-1
-1
-1
-1
-1
-1
-1
-1
-1
-1
-1
-1
-1
-1
-1
-1
-1
-1
-1
-1
-1
-1
-1
-1
-1
-1
-1
-1
-1
-1
-1
-1
-1
-1
-1
-1
-1
-1
-1
-1
-1
-1
-1
-1
-1
-1
-1
-1
-1
-1
-1
-1
-1
-1
-1
-1
-1
-1
-1
-1
-1
-1
-1
-1
-1
-1
-1
-1
-1
-1
-1
-1
-1
-1
-1
-1
-1
-1
-1
-1
-1
-1
-1
-1
-1
-1
-1
-1
-1
-1
-1
-1
-1
-1
-1
-1
-1
-1
-1
-1
-1
-1
-1
-1
-1
-1
-1
-1
-1
-1
-1
-1
-1
-1
-1
-1
-1
-1
-1
-1
-1
-1
-1
-1
-1
-1
-1
-1
-1
-1
-1
-1
-1
-1
-1
-1
-1
-1
-1
-1
-1
-1
-1
-1
-1
-1
-1
-1
-1
-1
-1
-1
-1
-1
-1
-1
-1
-1
-1
-1
-1
-1
-1
-1
-1
-1
-1
-1
-1
-1
12
10
12
-1
-1
-1
-1
-1
-1
-1
-1
-1
-1
-1
-1
-1
-1
-1
-1
-1
-1
-1
-1
-1
-1
-1
-1
-1
-1
-1
-1
-1
-1
-1
-1
-1
-1
-1
-1
-1
-1
-1
-1
-1
-1
-1
-1
-1
-1
-1
-1
-1
-1
-1
-1
-1
-1
-1
-1
-1
-1
-1
-1
-1
-1
-1
-1
-1
-1
-1
-1
-1
-1
-1
-1
-1
-1
-1
-1
-1
-1
-1
-1
-1
-1
-1
-1
-1
-1
-1
-1
-1
-1
-1
-1
-1
-1
-1
-1
-1
-1
-1
-1
-1
-1
-1
-1
-1
-1
-1
-1
-1
-1
-1
-1
-1
-1
-1
-1
-1
-1
-1
-1
-1
-1
-1
-1
-1
-1
-1
-1
-1
-1
-1
-1
-1
-1
-1
-1
-1
-1
-1
-1
-1
-1
-1
-1
-1
-1
-1
-1
-1
-1
-1
-1
-1
-1
-1
-1
-1
-1
-1
-1
-1
-1
-1
-1
-1
-1
-1
-1
-1
-1
-1
-1
-1
-1
-1
-1
-1
-1
-1
-1
-1
-1
-1
-1
-1
-1
-1
-1
-1
-1
-1
-1
-1
-1
-1
-1
-1
7.10105
6.66668
7.10105
-1
-1
-1
-1
-1
-1
-1
-1
-1
-1
-1
-1
-1
-1
-1
-1
-1
-1
-1
-1
-1
-1
-1
-1
-1
-1
-1
-1
-1
-1
-1
-1
-1
-1
-1
-1
-1
-1
-1
-1
-1
-1
-1
-1
-1
-1
-1
-1
-1
-1
-1
-1
-1
-1
-1
-1
-1
-1
-1
-1
-1
-1
-1
-1
-1
-1
-1
-1
-1
-1
-1
-1
-1
-1
-1
-1
-1
-1
-1
-1
-1
-1
-1
-1
-1
-1
-1
-1
-1
-1
-1
-1
-1
-1
-1
-1
-1
-1
-1
-1
-1
-1
-1
-1
-1
-1
-1
-1
-1
-1
-1
-1
-1
-1
-1
-1
-1
-1
-1
-1
-1
-1
-1
-1
-1
-1
-1
-1
-1
-1
-1
-1
-1
-1
-1
-1
-1
-1
-1
-1
-1
-1
-1
-1
-1
-1
-1
-1
-1
-1
-1
-1
-1
-1
-1
-1
-1
-1
-1
-1
-1
-1
-1
-1
-1
-1
-1
-1
-1
-1
-1
-1
-1
-1
-1
-1
-1
-1
-1
-1
-1
-1
-1
-1
-1
-1
-1
-1
-1
-1
-1
-1
-1
-1
-1
-1
5.99998
5.16993
4.99999
5.16993
5.99998
-1
-1
-1
-1
-1
-1
-1
-1
-1
-1
-1
-1
-1
-1
-1
-1
-1
-1
-1
-1
-1
-1
-1
-1
-1
-1
-1
-1
-1
-1
-1
-1
-1
-1
-1
-1
-1
-1
-1
-1
-1
-1
-1
-1
-1
-1
-1
-1
-1
-1
-1
-1
-1
-1
-1
-1
-1
-1
-1
-1
-1
-1
-1
-1
-1
-1
-1
-1
-1
-1
-1
-1
-1
-1
-1
-1
-1
-1
-1
-1
-1
-1
-1
-1
-1
-1
-1
-1
-1
-1
-1
-1
-1
-1
-1
-1
-1
-1
-1
-1
-1
-1
-1
-1
-1
-1
-1
-1
-1
-1
-1
-1
-1
-1
-1
-1
-1
-1
-1
-1
-1
-1
-1
-1
-1
-1
-1
-1
-1
-1
-1
-1
-1
-1
-1
-1
-1
-1
-1
-1
-1
-1
-1
-1
-1
-1
-1
-1
-1
-1
-1
-1
-1
-1
-1
-1
-1
-1
-1
-1
-1
-1
-1
-1
-1
-1
-1
-1
-1
-1
-1
-1
-1
-1
-1
-1
-1
-1
-1
-1
-1
-1
-1
-1
-1
-1
-1
-1
-1
-1
-1
-1
-1
-1
-1
4.40996
4.0843
4
4.0843
4.40996
-1
-1
-1
-1
-1
-1
-1
-1
-1
-1
-1
-1
-1
-1
-1
-1
-1
-1
-1
-1
-1
-1
-1
-1
-1
-1
-1
-1
-1
-1
-1
-1
-1
-1
-1
-1
-1
-1
-1
-1
-1
-1
-1
-1
-1
-1
-1
-1
-1
-1
-1
-1
-1
-1
-1
-1
-1
-1
-1
-1
-1
-1
-1
-1
-1
-1
-1
-1
-1
-1
-1
-1
-1
-1
-1
-1
-1
-1
-1
-1
-1
-1
-1
-1
-1
-1
-1
-1
-1
-1
-1
-1
-1
-1
-1
-1
-1
-1
-1
-1
-1
-1
-1
-1
-1
-1
-1
-1
-1
-1
-1
-1
-1
-1
-1
-1
-1
-1
-1
-1
-1
-1
-1
-1
-1
-1
-1
-1
-1
-1
-1
-1
-1
-1
-1
-1
-1
-1
-1
-1
-1
-1
-1
-1
-1
-1
-1
-1
-1
-1
-1
-1
-1
-1
-1
-1
-1
-1
-1
-1
-1
-1
-1
-1
-1
-1
-1
-1
-1
-1
-1
-1
-1
-1
-1
-1
-1
-1
-1
-1
-1
-1
-1
-1
-1
-1
-1
-1
-1
-1
-1
-1
-1
-1
3.99999
3.55051
3.38132
3.33333
3.38132
3.55051
3.99999
-1
-1
-1
-1
-1
-1
-1
-1
-1
-1
-1
-1
-1
-1
-1
-1
-1
-1
-1
-1
-1
-1
-1
-1
-1
-1
-1
-1
-1
-1
-1
-1
-1
-1
-1
-1
-1
-1
-1
-1
-1
-1
-1
-1
-1
-1
-1
-1
-1
-1
-1
-1
-1
-1
-1
-1
-1
-1
-1
-1
-1
-1
-1
-1
-1
-1
-1
-1
-1
-1
-1
-1
-1
-1
-1
-1
-1
-1
-1
-1
-1
-1
-1
-1
-1
-1
-1
-1
-1
-1
-1
-1
-1
-1
-1
-1
-1
-1
-1
-1
-1
-1
-1
-1
-1
-1
-1
-1
-1
-1
-1
-1
-1
-1
-1
-1
-1
-1
-1
-1
-1
-1
-1
-1
-1
-1
-1
-1
-1
-1
-1
-1
-1
-1
-1
-1
-1
-1
-1
-1
-1
-1
-1
-1
-1
-1
-1
-1
-1
-1
-1
-1
-1
-1
-1
-1
-1
-1
-1
-1
-1
-1
-1
-1
-1
-1
-1
-1
-1
-1
-1
-1
-1
-1
-1
-1
-1
-1
-1
-1
-1
-1
-1
-1
-1
-1
-1
-1
-1
-1
-1
-1
4.00002
3.2102
2.98764
2.88707
2.85714
2.88707
2.98764
3.2102
3.99999
-1
-1
-1
-1
-1
-1
-1
-1
-1
-1
-1
-1
-1
-1
-1
-1
-1
-1
-1
-1
-1
-1
-1
-1
-1
-1
-1
-1
-1
-1
-1
-1
-1
-1
-1
-1
-1
-1
-1
-1
-1
-1
-1
-1
-1
-1
-1
-1
-1
-1
-1
-1
-1
-1
-1
-1
-1
-1
-1
-1
-1
-1
-1
-1
-1
-1
-1
-1
-1
-1
-1
-1
-1
-1
-1
-1
-1
-1
-1
-1
-1
-1
-1
-1
-1
-1
-1
-1
-1
-1
-1
-1
-1
-1
-1
-1
-1
-1
-1
-1
-1
-1
-1
-1
-1
-1
-1
-1
-1
-1
-1
-1
-1
-1
-1
-1
-1
-1
-1
-1
-1
-1
-1
-1
-1
-1
-1
-1
-1
-1
-1
-1
-1
-1
-1
-1
-1
-1
-1
-1
-1
-1
-1
-1
-1
-1
-1
-1
-1
-1
-1
-1
-1
-1
-1
-1
-1
-1
-1
-1
-1
-1
-1
-1
-1
-1
-1
-1
-1
-1
-1
-1
-1
-1
-1
-1
-1
-1
-1
-1
-1
-1
-1
-1
-1
-1
-1
-1
-1
-1
-1
3
2.71705
2.58497
2.51992
2.5
2.51992
2.58497
2.71705
3
-1
-1
-1
-1
-1
-1
-1
-1
-1
-1
-1
-1
-1
-1
-1
-1
-1
-1
-1
-1
-1
-1
-1
-1
-1
-1
-1
-1
-1
-1
-1
-1
-1
-1
-1
-1
-1
-1
-1
-1
-1
-1
-1
-1
-1
-1
-1
-1
-1
-1
-1
-1
-1
-1
-1
-1
-1
-1
-1
-1
-1
-1
-1
-1
-1
-1
-1
-1
-1
-1
-1
-1
-1
-1
-1
-1
-1
-1
-1
-1
-1
-1
-1
-1
-1
-1
-1
-1
-1
-1
-1
-1
-1
-1
-1
-1
-1
-1
-1
-1
-1
-1
-1
-1
-1
-1
-1
-1
-1
-1
-1
-1
-1
-1
-1
-1
-1
-1
-1
-1
-1
-1
-1
-1
-1
-1
-1
-1
-1
-1
-1
-1
-1
-1
-1
-1
-1
-1
-1
-1
-1
-1
-1
-1
-1
-1
-1
-1
-1
-1
-1
-1
-1
-1
-1
-1
-1
-1
-1
-1
-1
-1
-1
-1
-1
-1
-1
-1
-1
-1
-1
-1
-1
-1
-1
-1
-1
-1
-1
-1
-1
-1
-1
-1
-1
-1
-1
-1
-1
-1
2.93406
2.5269
2.36701
2.2808
2.23616
2.22222
2.23616
2.2808
2.36701
2.5269
2.93406
-1
-1
-1
-1
-1
-1
-1
-1
-1
-1
-1
-1
-1
-1
-1
-1
-1
-1
-1
-1
-1
-1
-1
-1
-1
-1
-1
-1
-1
-1
-1
-1
-1
-1
-1
-1
-1
-1
-1
-1
-1
-1
-1
-1
-1
-1
-1
-1
-1
-1
-1
-1
-1
-1
-1
-1
-1
-1
-1
-1
-1
-1
-1
-1
-1
-1
-1
-1
-1
-1
-1
-1
-1
-1
-1
-1
-1
-1
-1
-1
-1
-1
-1
-1
-1
-1
-1
-1
-1
-1
-1
-1
-1
-1
-1
-1
-1
-1
-1
-1
-1
-1
-1
-1
-1
-1
-1
-1
-1
-1
-1
-1
-1
-1
-1
-1
-1
-1
-1
-1
-1
-1
-1
-1
-1
-1
-1
-1
-1
-1
-1
-1
-1
-1
-1
-1
-1
-1
-1
-1
-1
-1
-1
-1
-1
-1
-1
-1
-1
-1
-1
-1
-1
-1
-1
-1
-1
-1
-1
-1
-1
-1
-1
-1
-1
-1
-1
-1
-1
-1
-1
-1
-1
-1
-1
-1
-1
-1
-1
-1
-1
-1
-1
-1
-1
-1
-1
-1
-1
2.4
2.20498
2.10202
2.04215
2.01013
2
2.01013
2.04215
2.10202
2.20498
2.4
-1
-1
-1
-1
-1
-1
-1
-1
-1
-1
-1
-1
-1
-1
-1
-1
-1
-1
-1
-1
-1
-1
-1
-1
-1
-1
-1
-1
-1
-1
-1
-1
-1
-1
-1
-1
-1
-1
-1
-1
-1
-1
-1
-1
-1
-1
-1
-1
-1
-1
-1
-1
-1
-1
-1
-1
-1
-1
-1
-1
-1
-1
-1
-1
-1
-1
-1
-1
-1
-1
-1
-1
-1
-1
-1
-1
-1
-1
-1
-1
-1
-1
-1
-1
-1
-1
-1
-1
-1
-1
-1
-1
-1
-1
-1
-1
-1
-1
-1
-1
-1
-1
-1
-1
-1
-1
-1
-1
-1
-1
-1
-1
-1
-1
-1
-1
-1
-1
-1
-1
-1
-1
-1
-1
-1
-1
-1
-1
-1
-1
-1
-1
-1
-1
-1
-1
-1
-1
-1
-1
-1
-1
-1
-1
-1
-1
-1
-1
-1
-1
-1
-1
-1
-1
-1
-1
-1
-1
-1
-1
-1
-1
-1
-1
-1
-1
-1
-1
-1
-1
-1
-1
-1
-1
-1
-1
-1
-1
-1
-1
-1
-1
-1
-1
-1
-1
-1
-1
2.34324
2.08461
1.96438
1.89302
1.84955
1.82577
1.81818
1.82577
1.84955
1.89302
1.96438
2.08461
2.34324
-1
-1
-1
-1
-1
-1
-1
-1
-1
-1
-1
-1
-1
-1
-1
-1
-1
-1
-1
-1
-1
-1
-1
-1
-1
-1
-1
-1
-1
-1
-1
-1
-1
-1
-1
-1
-1
-1
-1
-1
-1
-1
-1
-1
-1
-1
-1
-1
-1
-1
-1
-1
-1
-1
-1
-1
-1
-1
-1
-1
-1
-1
-1
-1
-1
-1
-1
-1
-1
-1
-1
-1
-1
-1
-1
-1
-1
-1
-1
-1
-1
-1
-1
-1
-1
-1
-1
-1
-1
-1
-1
-1
-1
-1
-1
-1
-1
-1
-1
-1
-1
-1
-1
-1
-1
-1
-1
-1
-1
-1
-1
-1
-1
-1
-1
-1
-1
-1
-1
-1
-1
-1
-1
-1
-1
-1
-1
-1
-1
-1
-1
-1
-1
-1
-1
-1
-1
-1
-1
-1
-1
-1
-1
-1
-1
-1
-1
-1
-1
-1
-1
-1
-1
-1
-1
-1
-1
-1
-1
-1
-1
-1
-1
-1
-1
-1
-1
-1
-1
-1
-1
-1
-1
-1
-1
-1
-1
-1
-1
-1
-1
-1
-1
-1
-1
-1
-1
2
1.8572
1.77526
1.72331
1.69066
1.6725
1.66667
1.6725
1.69066
1.72331
1.77526
1.8572
2
-1
-1
-1
-1
-1
-1
-1
-1
-1
-1
-1
-1
-1
-1
-1
-1
-1
-1
-1
-1
-1
-1
-1
-1
-1
-1
-1
-1
-1
-1
-1
-1
-1
-1
-1
-1
-1
-1
-1
-1
-1
-1
-1
-1
-1
-1
-1
-1
-1
-1
-1
-1
-1
-1
-1
-1
-1
-1
-1
-1
-1
-1
-1
-1
-1
-1
-1
-1
-1
-1
-1
-1
-1
-1
-1
-1
-1
-1
-1
-1
-1
-1
-1
-1
-1
-1
-1
-1
-1
-1
-1
-1
-1
-1
-1
-1
-1
-1
-1
-1
-1
-1
-1
-1
-1
-1
-1
-1
-1
-1
-1
-1
-1
-1
-1
-1
-1
-1
-1
-1
-1
-1
-1
-1
-1
-1
-1
-1
-1
-1
-1
-1
-1
-1
-1
-1
-1
-1
-1
-1
-1
-1
-1
-1
-1
-1
-1
-1
-1
-1
-1
-1
-1
-1
-1
-1
-1
-1
-1
-1
-1
-1
-1
-1
-1
-1
-1
-1
-1
-1
-1
-1
-1
-1
-1
-1
-1
-1
-1
-1
-1
-1
-1
-1
-1
-1
1.95501
1.77461
1.68089
1.62162
1.58243
1.55723
1.54305
1.53846
1.54305
1.55723
1.58243
1.62162
1.68089
1.77461
1.95501
-1
-1
-1
-1
-1
-1
-1
-1
-1
-1
-1
-1
-1
-1
-1
-1
-1
-1
-1
-1
-1
-1
-1
-1
-1
-1
-1
-1
-1
-1
-1
-1
-1
-1
-1
-1
-1
-1
-1
-1
-1
-1
-1
-1
-1
-1
-1
-1
-1
-1
-1
-1
-1
-1
-1
-1
-1
-1
-1
-1
-1
-1
-1
-1
-1
-1
-1
-1
-1
-1
-1
-1
-1
-1
-1
-1
-1
-1
-1
-1
-1
-1
-1
-1
-1
-1
-1
-1
-1
-1
-1
-1
-1
-1
-1
-1
-1
-1
-1
-1
-1
-1
-1
-1
-1
-1
-1
-1
-1
-1
-1
-1
-1
-1
-1
-1
-1
-1
-1
-1
-1
-1
-1
-1
-1
-1
-1
-1
-1
-1
-1
-1
-1
-1
-1
-1
-1
-1
-1
-1
-1
-1
-1
-1
-1
-1
-1
-1
-1
-1
-1
-1
-1
-1
-1
-1
-1
-1
-1
-1
-1
-1
-1
-1
-1
-1
-1
-1
-1
-1
-1
-1
-1
-1
-1
-1
-1
-1
-1
-1
-1
-1
-1
-1
2
1.71429
1.6051
1.53846
1.49382
1.46341
1.44353
1.43224
1.42857
1.43224
1.44353
1.46341
1.49382
1.53846
1.6051
1.71429
2
-1
-1
-1
-1
-1
-1
-1
-1
-1
-1
-1
-1
-1
-1
-1
-1
-1
-1
-1
-1
-1
-1
-1
-1
-1
-1
-1
-1
-1
-1
-1
-1
-1
-1
-1
-1
-1
-1
-1
-1
-1
-1
-1
-1
-1
-1
-1
-1
-1
-1
-1
-1
-1
-1
-1
-1
-1
-1
-1
-1
-1
-1
-1
-1
-1
-1
-1
-1
-1
-1
-1
-1
-1
-1
-1
-1
-1
-1
-1
-1
-1
-1
-1
-1
-1
-1
-1
-1
-1
-1
-1
-1
-1
-1
-1
-1
-1
-1
-1
-1
-1
-1
-1
-1
-1
-1
-1
-1
-1
-1
-1
-1
-1
-1
-1
-1
-1
-1
-1
-1
-1
-1
-1
-1
-1
-1
-1
-1
-1
-1
-1
-1
-1
-1
-1
-1
-1
-1
-1
-1
-1
-1
-1
-1
-1
-1
-1
-1
-1
-1
-1
-1
-1
-1
-1
-1
-1
-1
-1
-1
-1
-1
-1
-1
-1
-1
-1
-1
-1
-1
-1
-1
-1
-1
-1
-1
-1
-1
-1
-1
-1
-1
-1
1.67858
1.54513
1.46999
1.4202
1.38555
1.36143
1.34546
1.33631
1.33333
1.33631
1.34546
1.36143
1.38555
1.4202
1.46999
1.54513
1.67858
-1
-1
-1
-1
-1
-1
-1
-1
-1
-1
-1
-1
-1
-1
-1
-1
-1
-1
-1
-1
-1
-1
-1
-1
-1
-1
-1
-1
-1
-1
-1
-1
-1
-1
-1
-1
-1
-1
-1
-1
-1
-1
-1
-1
-1
-1
-1
-1
-1
-1
-1
-1
-1
-1
-1
-1
-1
-1
-1
-1
-1
-1
-1
-1
-1
-1
-1
-1
-1
-1
-1
-1
-1
-1
-1
-1
-1
-1
-1
-1
-1
-1
-1
-1
-1
-1
-1
-1
-1
-1
-1
-1
-1
-1
-1
-1
-1
-1
-1
-1
-1
-1
-1
-1
-1
-1
-1
-1
-1
-1
-1
-1
-1
-1
-1
-1
-1
-1
-1
-1
-1
-1
-1
-1
-1
-1
-1
-1
-1
-1
-1
-1
-1
-1
-1
-1
-1
-1
-1
-1
-1
-1
-1
-1
-1
-1
-1
-1
-1
-1
-1
-1
-1
-1
-1
-1
-1
-1
-1
-1
-1
-1
-1
-1
-1
-1
-1
-1
-1
-1
-1
-1
-1
-1
-1
-1
-1
-1
-1
-1
-1
-1
1.68513
1.5
1.41375
1.35853
1.32003
1.29248
1.273
1.25996
1.25245
1.25
1.25245
1.25996
1.273
1.29248
1.32003
1.35853
1.41375
1.5
1.68513
-1
-1
-1
-1
-1
-1
-1
-1
-1
-1
-1
-1
-1
-1
-1
-1
-1
-1
-1
-1
-1
-1
-1
-1
-1
-1
-1
-1
-1
-1
-1
-1
-1
-1
-1
-1
-1
-1
-1
-1
-1
-1
-1
-1
-1
-1
-1
-1
-1
-1
-1
-1
-1
-1
-1
-1
-1
-1
-1
-1
-1
-1
-1
-1
-1
-1
-1
-1
-1
-1
-1
-1
-1
-1
-1
-1
-1
-1
-1
-1
-1
-1
-1
-1
-1
-1
-1
-1
-1
-1
-1
-1
-1
-1
-1
-1
-1
-1
-1
-1
-1
-1
-1
-1
-1
-1
-1
-1
-1
-1
-1
-1
-1
-1
-1
-1
-1
-1
-1
-1
-1
-1
-1
-1
-1
-1
-1
-1
-1
-1
-1
-1
-1
-1
-1
-1
-1
-1
-1
-1
-1
-1
-1
-1
-1
-1
-1
-1
-1
-1
-1
-1
-1
-1
-1
-1
-1
-1
-1
-1
-1
-1
-1
-1
-1
-1
-1
-1
-1
-1
-1
-1
-1
-1
-1
-1
-1
-1
-1
-1
-1
1.47122
1.36834
1.30672
1.26439
1.23384
1.21153
1.19554
1.18476
1.17851
1.17647
1.17851
1.18476
1.19554
1.21153
1.23384
1.26439
1.30672
1.36834
1.47123
-1
-1
-1
-1
-1
-1
-1
-1
-1
-1
-1
-1
-1
-1
-1
-1
-1
-1
-1
-1
-1
-1
-1
-1
-1
-1
-1
-1
-1
-1
-1
-1
-1
-1
-1
-1
-1
-1
-1
-1
-1
-1
-1
-1
-1
-1
-1
-1
-1
-1
-1
-1
-1
-1
-1
-1
-1
-1
-1
-1
-1
-1
-1
-1
-1
-1
-1
-1
-1
-1
-1
-1
-1
-1
-1
-1
-1
-1
-1
-1
-1
-1
-1
-1
-1
-1
-1
-1
-1
-1
-1
-1
-1
-1
-1
-1
-1
-1
-1
-1
-1
-1
-1
-1
-1
-1
-1
-1
-1
-1
-1
-1
-1
-1
-1
-1
-1
-1
-1
-1
-1
-1
-1
-1
-1
-1
-1
-1
-1
-1
-1
-1
-1
-1
-1
-1
-1
-1
-1
-1
-1
-1
-1
-1
-1
-1
-1
-1
-1
-1
-1
-1
-1
-1
-1
-1
-1
-1
-1
-1
-1
-1
-1
-1
-1
-1
-1
-1
-1
-1
-1
-1
-1
-1
-1
-1
-1
-1
-1
-1
1.46703
1.33333
1.26345
1.21694
1.1835
1.15875
1.1404
1.12711
1.11808
1.11283
1.11111
1.11283
1.11808
1.12711
1.1404
1.15875
1.1835
1.21694
1.26345
1.33333
1.46703
-1
-1
-1
-1
-1
-1
-1
-1
-1
-1
-1
-1
-1
-1
-1
-1
-1
-1
-1
-1
-1
-1
-1
-1
-1
-1
-1
-1
-1
-1
-1
-1
-1
-1
-1
-1
-1
-1
-1
-1
-1
-1
-1
-1
-1
-1
-1
-1
-1
-1
-1
-1
-1
-1
-1
-1
-1
-1
-1
-1
-1
-1
-1
-1
-1
-1
-1
-1
-1
-1
-1
-1
-1
-1
-1
-1
-1
-1
-1
-1
-1
-1
-1
-1
-1
-1
-1
-1
-1
-1
-1
-1
-1
-1
-1
-1
-1
-1
-1
-1
-1
-1
-1
-1
-1
-1
-1
-1
-1
-1
-1
-1
-1
-1
-1
-1
-1
-1
-1
-1
-1
-1
-1
-1
-1
-1
-1
-1
-1
-1
-1
-1
-1
-1
-1
-1
-1
-1
-1
-1
-1
-1
-1
-1
-1
-1
-1
-1
-1
-1
-1
-1
-1
-1
-1
-1
-1
-1
-1
-1
-1
-1
-1
-1
-1
-1
-1
-1
-1
-1
-1
-1
-1
-1
-1
-1
-1
-1
-1
1.30975
1.22793
1.17647
1.14006
1.11305
1.09267
1.07736
1.06618
1.05855
1.05409
1.05263
1.05409
1.05855
1.06618
1.07736
1.09267
1.11305
1.14006
1.17647
1.22793
1.30975
-1
-1
-1
-1
-1
-1
-1
-1
-1
-1
-1
-1
-1
-1
-1
-1
-1
-1
-1
-1
-1
-1
-1
-1
-1
-1
-1
-1
-1
-1
-1
-1
-1
-1
-1
-1
-1
-1
-1
-1
-1
-1
-1
-1
-1
-1
-1
-1
-1
-1
-1
-1
-1
-1
-1
-1
-1
-1
-1
-1
-1
-1
-1
-1
-1
-1
-1
-1
-1
-1
-1
-1
-1
-1
-1
-1
-1
-1
-1
-1
-1
-1
-1
-1
-1
-1
-1
-1
-1
-1
-1
-1
-1
-1
-1
-1
-1
-1
-1
-1
-1
-1
-1
-1
-1
-1
-1
-1
-1
-1
-1
-1
-1
-1
-1
-1
-1
-1
-1
-1
-1
-1
-1
-1
-1
-1
-1
-1
-1
-1
-1
-1
-1
-1
-1
-1
-1
-1
-1
-1
-1
-1
-1
-1
-1
-1
-1
-1
-1
-1
-1
-1
-1
-1
-1
-1
-1
-1
-1
-1
-1
-1
-1
-1
-1
-1
-1
-1
-1
-1
-1
-1
-1
-1
-1
-1
-1
-1
1.30201
1.2
1.14221
1.10249
1.07323
1.05101
1.03399
1.02107
1.01158
1.00506
1.00125
1
1.00125
1.00506
1.01158
1.02107
1.03399
1.05101
1.07323
1.10249
1.14221
1.2
1.30201
-1
-1
-1
-1
-1
-1
-1
-1
-1
-1
-1
-1
-1
-1
-1
-1
-1
-1
-1
-1
-1
-1
-1
-1
-1
-1
-1
-1
-1
-1
-1
-1
-1
-1
-1
-1
-1
-1
-1
-1
-1
-1
-1
-1
-1
-1
-1
-1
-1
-1
-1
-1
-1
-1
-1
-1
-1
-1
-1
-1
-1
-1
-1
-1
-1
-1
-1
-1
-1
-1
-1
-1
-1
-1
-1
-1
-1
-1
-1
-1
-1
-1
-1
-1
-1
-1
-1
-1
-1
-1
-1
-1
-1
-1
-1
-1
-1
-1
-1
-1
-1
-1
-1
-1
-1
-1
-1
-1
-1
-1
-1
-1
-1
-1
-1
-1
-1
-1
-1
-1
-1
-1
-1
-1
-1
-1
-1
-1
-1
-1
-1
-1
-1
-1
-1
-1
-1
-1
-1
-1
-1
-1
-1
-1
-1
-1
-1
-1
-1
-1
-1
-1
-1
-1
-1
-1
-1
-1
-1
-1
-1
-1
-1
-1
-1
-1
-1
-1
-1
-1
-1
-1
-1
-1
-1
-1
1.33333
1.18036
1.1137
1.07007
1.03843
1.01443
0.995879
0.981497
0.970493
0.962356
0.95675
0.953464
0.952381
0.953464
0.95675
0.962356
0.970493
0.981497
0.995879
1.01443
1.03843
1.07007
1.1137
1.18036
1.33333
-1
-1
-1
-1
-1
-1
-1
-1
-1
-1
-1
-1
-1
-1
-1
-1
-1
-1
-1
-1
-1
-1
-1
-1
-1
-1
-1
-1
-1
-1
-1
-1
-1
-1
-1
-1
-1
-1
-1
-1
-1
-1
-1
-1
-1
-1
-1
-1
-1
-1
-1
-1
-1
-1
-1
-1
-1
-1
-1
-1
-1
-1
-1
-1
-1
-1
-1
-1
-1
-1
-1
-1
-1
-1
-1
-1
-1
-1
-1
-1
-1
-1
-1
-1
-1
-1
-1
-1
-1
-1
-1
-1
-1
-1
-1
-1
-1
-1
-1
-1
-1
-1
-1
-1
-1
-1
-1
-1
-1
-1
-1
-1
-1
-1
-1
-1
-1
-1
-1
-1
-1
-1
-1
-1
-1
-1
-1
-1
-1
-1
-1
-1
-1
-1
-1
-1
-1
-1
-1
-1
-1
-1
-1
-1
-1
-1
-1
-1
-1
-1
-1
-1
-1
-1
-1
-1
-1
-1
-1
-1
-1
-1
-1
-1
-1
-1
-1
-1
-1
-1
-1
-1
-1
-1
-1
1.17162
1.09091
1.04231
1.00799
0.982189
0.962193
0.946511
0.934234
0.924775
0.917746
0.912887
0.910032
0.909091
0.910032
0.912887
0.917746
0.924775
0.934234
0.94651
0.962193
0.982189
1.00799
1.04231
1.09091
1.17162
-1
-1
-1
-1
-1
-1
-1
-1
-1
-1
-1
-1
-1
-1
-1
-1
-1
-1
-1
-1
-1
-1
-1
-1
-1
-1
-1
-1
-1
-1
-1
-1
-1
-1
-1
-1
-1
-1
-1
-1
-1
-1
-1
-1
-1
-1
-1
-1
-1
-1
-1
-1
-1
-1
-1
-1
-1
-1
-1
-1
-1
-1
-1
-1
-1
-1
-1
-1
-1
-1
-1
-1
-1
-1
-1
-1
-1
-1
-1
-1
-1
-1
-1
-1
-1
-1
-1
-1
-1
-1
-1
-1
-1
-1
-1
-1
-1
-1
-1
-1
-1
-1
-1
-1
-1
-1
-1
-1
-1
-1
-1
-1
-1
-1
-1
-1
-1
-1
-1
-1
-1
-1
-1
-1
-1
-1
-1
-1
-1
-1
-1
-1
-1
-1
-1
-1
-1
-1
-1
-1
-1
-1
-1
-1
-1
-1
-1
-1
-1
-1
-1
-1
-1
-1
-1
-1
-1
-1
-1
-1
-1
-1
-1
-1
-1
-1
-1
-1
-1
-1
-1
-1
-1
-1
1.18366
1.07433
1.01895
0.981471
0.95372
0.932291
0.915404
0.902008
0.891434
0.88324
0.877124
0.872884
0.870389
0.869565
0.870389
0.872884
0.877124
0.88324
0.891434
0.902008
0.915404
0.932291
0.95372
0.981471
1.01895
1.07433
1.18366
-1
-1
-1
-1
-1
-1
-1
-1
-1
-1
-1
-1
-1
-1
-1
-1
-1
-1
-1
-1
-1
-1
-1
-1
-1
-1
-1
-1
-1
-1
-1
-1
-1
-1
-1
-1
-1
-1
-1
-1
-1
-1
-1
-1
-1
-1
-1
-1
-1
-1
-1
-1
-1
-1
-1
-1
-1
-1
-1
-1
-1
-1
-1
-1
-1
-1
-1
-1
-1
-1
-1
-1
-1
-1
-1
-1
-1
-1
-1
-1
-1
-1
-1
-1
-1
-1
-1
-1
-1
-1
-1
-1
-1
-1
-1
-1
-1
-1
-1
-1
-1
-1
-1
-1
-1
-1
-1
-1
-1
-1
-1
-1
-1
-1
-1
-1
-1
-1
-1
-1
-1
-1
-1
-1
-1
-1
-1
-1
-1
-1
-1
-1
-1
-1
-1
-1
-1
-1
-1
-1
-1
-1
-1
-1
-1
-1
-1
-1
-1
-1
-1
-1
-1
-1
-1
-1
-1
-1
-1
-1
-1
-1
-1
-1
-1
-1
-1
-1
-1
-1
-1
-1
-1
1.06559
1
0.958551
0.928602
0.905684
0.887628
0.873206
0.861657
0.852478
0.845329
0.839974
0.836252
0.834058
0.833333
0.834058
0.836252
0.839974
0.845329
0.852478
0.861657
0.873206
0.887628
0.905684
0.928602
0.958551
1
1.06559
-1
-1
-1
-1
-1
-1
-1
-1
-1
-1
-1
-1
-1
-1
-1
-1
-1
-1
-1
-1
-1
-1
-1
-1
-1
-1
-1
-1
-1
-1
-1
-1
-1
-1
-1
-1
-1
-1
-1
-1
-1
-1
-1
-1
-1
-1
-1
-1
-1
-1
-1
-1
-1
-1
-1
-1
-1
-1
-1
-1
-1
-1
-1
-1
-1
-1
-1
-1
-1
-1
-1
-1
-1
-1
-1
-1
-1
-1
-1
-1
-1
-1
-1
-1
-1
-1
-1
-1
-1
-1
-1
-1
-1
-1
-1
-1
-1
-1
-1
-1
-1
-1
-1
-1
-1
-1
-1
-1
-1
-1
-1
-1
-1
-1
-1
-1
-1
-1
-1
-1
-1
-1
-1
-1
-1
-1
-1
-1
-1
-1
-1
-1
-1
-1
-1
-1
-1
-1
-1
-1
-1
-1
-1
-1
-1
-1
-1
-1
-1
-1
-1
-1
-1
-1
-1
-1
-1
-1
-1
-1
-1
-1
-1
-1
-1
-1
-1
-1
-1
-1
-1
-1
1.06985
0.985824
0.939078
0.906531
0.881993
0.862753
0.847354
0.83492
0.824883
0.816859
0.810583
0.805866
0.802581
0.800641
0.8
0.800641
0.802581
0.805866
0.810583
0.816859
0.824882
0.83492
0.847354
0.862753
0.881993
0.906531
0.939078
0.985824
1.06985
-1
-1
-1
-1
-1
-1
-1
-1
-1
-1
-1
-1
-1
-1
-1
-1
-1
-1
-1
-1
-1
-1
-1
-1
-1
-1
-1
-1
-1
-1
-1
-1
-1
-1
-1
-1
-1
-1
-1
-1
-1
-1
-1
-1
-1
-1
-1
-1
-1
-1
-1
-1
-1
-1
-1
-1
-1
-1
-1
-1
-1
-1
-1
-1
-1
-1
-1
-1
-1
-1
-1
-1
-1
-1
-1
-1
-1
-1
-1
-1
-1
-1
-1
-1
-1
-1
-1
-1
-1
-1
-1
-1
-1
-1
-1
-1
-1
-1
-1
-1
-1
-1
-1
-1
-1
-1
-1
-1
-1
-1
-1
-1
-1
-1
-1
-1
-1
-1
-1
-1
-1
-1
-1
-1
-1
-1
-1
-1
-1
-1
-1
-1
-1
-1
-1
-1
-1
-1
-1
-1
-1
-1
-1
-1
-1
-1
-1
-1
-1
-1
-1
-1
-1
-1
-1
-1
-1
-1
-1
-1
-1
-1
-1
-1
-1
-1
-1
-1
-1
-1
1.13208
0.977504
0.923077
0.887305
0.860933
0.840445
0.824078
0.810811
0.8
0.791215
0.784157
0.778615
0.774439
0.771524
0.769801
0.769231
0.769801
0.771524
0.774439
0.778615
0.784157
0.791215
0.8
0.810811
0.824078
0.840445
0.860933
0.887305
0.923077
0.977504
1.13208
-1
-1
-1
-1
-1
-1
-1
-1
-1
-1
-1
-1
-1
-1
-1
-1
-1
-1
-1
-1
-1
-1
-1
-1
-1
-1
-1
-1
-1
-1
-1
-1
-1
-1
-1
-1
-1
-1
-1
-1
-1
-1
-1
-1
-1
-1
-1
-1
-1
-1
-1
-1
-1
-1
-1
-1
-1
-1
-1
-1
-1
-1
-1
-1
-1
-1
-1
-1
-1
-1
-1
-1
-1
-1
-1
-1
-1
-1
-1
-1
-1
-1
-1
-1
-1
-1
-1
-1
-1
-1
-1
-1
-1
-1
-1
-1
-1
-1
-1
-1
-1
-1
-1
-1
-1
-1
-1
-1
-1
-1
-1
-1
-1
-1
-1
-1
-1
-1
-1
-1
-1
-1
-1
-1
-1
-1
-1
-1
-1
-1
-1
-1
-1
-1
-1
-1
-1
-1
-1
-1
-1
-1
-1
-1
-1
-1
-1
-1
-1
-1
-1
-1
-1
-1
-1
-1
-1
-1
-1
-1
-1
-1
-1
-1
-1
-1
-1
-1
-1
0.97802
0.910825
0.870832
0.842298
0.820444
0.80308
0.789002
0.777471
0.768003
0.760265
0.754021
0.749101
0.745385
0.742787
0.74125
0.740741
0.74125
0.742787
0.745385
0.749101
0.754021
0.760265
0.768003
0.777471
0.789002
0.80308
0.820444
0.842298
0.870832
0.910825
0.97802
-1
-1
-1
-1
-1
-1
-1
-1
-1
-1
-1
-1
-1
-1
-1
-1
-1
-1
-1
-1
-1
-1
-1
-1
-1
-1
-1
-1
-1
-1
-1
-1
-1
-1
-1
-1
-1
-1
-1
-1
-1
-1
-1
-1
-1
-1
-1
-1
-1
-1
-1
-1
-1
-1
-1
-1
-1
-1
-1
-1
-1
-1
-1
-1
-1
-1
-1
-1
-1
-1
-1
-1
-1
-1
-1
-1
-1
-1
-1
-1
-1
-1
-1
-1
-1
-1
-1
-1
-1
-1
-1
-1
-1
-1
-1
-1
-1
-1
-1
-1
-1
-1
-1
-1
-1
-1
-1
-1
-1
-1
-1
-1
-1
-1
-1
-1
-1
-1
-1
-1
-1
-1
-1
-1
-1
-1
-1
-1
-1
-1
-1
-1
-1
-1
-1
-1
-1
-1
-1
-1
-1
-1
-1
-1
-1
-1
-1
-1
-1
-1
-1
-1
-1
-1
-1
-1
-1
-1
-1
-1
-1
-1
-1
-1
-1
-1
-1
-1
1
0.903067
0.857143
0.825954
0.80255
0.784127
0.769231
0.757008
0.746909
0.738563
0.731707
0.726155
0.721767
0.718446
0.71612
0.714742
0.714286
0.714742
0.71612
0.718446
0.721767
0.726155
0.731707
0.738563
0.746909
0.757008
0.769231
0.784127
0.80255
0.825954
0.857143
0.903067
0.999999
-1
-1
-1
-1
-1
-1
-1
-1
-1
-1
-1
-1
-1
-1
-1
-1
-1
-1
-1
-1
-1
-1
-1
-1
-1
-1
-1
-1
-1
-1
-1
-1
-1
-1
-1
-1
-1
-1
-1
-1
-1
-1
-1
-1
-1
-1
-1
-1
-1
-1
-1
-1
-1
-1
-1
-1
-1
-1
-1
-1
-1
-1
-1
-1
-1
-1
-1
-1
-1
-1
-1
-1
-1
-1
-1
-1
-1
-1
-1
-1
-1
-1
-1
-1
-1
-1
-1
-1
-1
-1
-1
-1
-1
-1
-1
-1
-1
-1
-1
-1
-1
-1
-1
-1
-1
-1
-1
-1
-1
-1
-1
-1
-1
-1
-1
-1
-1
-1
-1
-1
-1
-1
-1
-1
-1
-1
-1
-1
-1
-1
-1
-1
-1
-1
-1
-1
-1
-1
-1
-1
-1
-1
-1
-1
-1
-1
-1
-1
-1
-1
-1
-1
-1
-1
-1
-1
-1
-1
-1
-1
-1
-1
-1
-1
-1
-1
-1
0.901659
0.846452
0.811842
0.78662
0.76703
0.751285
0.738376
0.727678
0.718774
0.711373
0.705269
0.700307
0.696377
0.693396
0.691305
0.690066
0.689655
0.690066
0.691305
0.693396
0.696377
0.700307
0.705269
0.711373
0.718774
0.727678
0.738376
0.751285
0.76703
0.78662
0.811842
0.846452
0.901658
-1
-1
-1
-1
-1
-1
-1
-1
-1
-1
-1
-1
-1
-1
-1
-1
-1
-1
-1
-1
-1
-1
-1
-1
-1
-1
-1
-1
-1
-1
-1
-1
-1
-1
-1
-1
-1
-1
-1
-1
-1
-1
-1
-1
-1
-1
-1
-1
-1
-1
-1
-1
-1
-1
-1
-1
-1
-1
-1
-1
-1
-1
-1
-1
-1
-1
-1
-1
-1
-1
-1
-1
-1
-1
-1
-1
-1
-1
-1
-1
-1
-1
-1
-1
-1
-1
-1
-1
-1
-1
-1
-1
-1
-1
-1
-1
-1
-1
-1
-1
-1
-1
-1
-1
-1
-1
-1
-1
-1
-1
-1
-1
-1
-1
-1
-1
-1
-1
-1
-1
-1
-1
-1
-1
-1
-1
-1
-1
-1
-1
-1
-1
-1
-1
-1
-1
-1
-1
-1
-1
-1
-1
-1
-1
-1
-1
-1
-1
-1
-1
-1
-1
-1
-1
-1
-1
-1
-1
-1
-1
-1
-1
-1
-1
-1
-1
0.912623
0.839289
0.8
0.772563
0.751651
0.734994
0.721386
0.710102
0.700673
0.692775
0.686178
0.680716
0.676264
0.672728
0.670042
0.668156
0.667038
0.666667
0.667038
0.668156
0.670042
0.672728
0.676264
0.680716
0.686178
0.692775
0.700673
0.710102
0.721386
0.734994
0.751651
0.772563
0.8
0.839288
0.912623
-1
-1
-1
-1
-1
-1
-1
-1
-1
-1
-1
-1
-1
-1
-1
-1
-1
-1
-1
-1
-1
-1
-1
-1
-1
-1
-1
-1
-1
-1
-1
-1
-1
-1
-1
-1
-1
-1
-1
-1
-1
-1
-1
-1
-1
-1
-1
-1
-1
-1
-1
-1
-1
-1
-1
-1
-1
-1
-1
-1
-1
-1
-1
-1
-1
-1
-1
-1
-1
-1
-1
-1
-1
-1
-1
-1
-1
-1
-1
-1
-1
-1
-1
-1
-1
-1
-1
-1
-1
-1
-1
-1
-1
-1
-1
-1
-1
-1
-1
-1
-1
-1
-1
-1
-1
-1
-1
-1
-1
-1
-1
-1
-1
-1
-1
-1
-1
-1
-1
-1
-1
-1
-1
-1
-1
-1
-1
-1
-1
-1
-1
-1
-1
-1
-1
-1
-1
-1
-1
-1
-1
-1
-1
-1
-1
-1
-1
-1
-1
-1
-1
-1
-1
-1
-1
-1
-1
-1
-1
-1
-1
-1
-1
-1
-1
0.836874
0.790593
0.760345
0.737887
0.720225
0.705882
0.69401
0.684073
0.67571
0.668666
0.662759
0.65785
0.653839
0.650647
0.648218
0.646511
0.645497
0.645161
0.645497
0.646511
0.648218
0.650647
0.653839
0.65785
0.662759
0.668666
0.67571
0.684073
0.69401
0.705882
0.720225
0.737887
0.760345
0.790592
0.836874
-1
-1
-1
-1
-1
-1
-1
-1
-1
-1
-1
-1
-1
-1
-1
-1
-1
-1
-1
-1
-1
-1
-1
-1
-1
-1
-1
-1
-1
-1
-1
-1
-1
-1
-1
-1
-1
-1
-1
-1
-1
-1
-1
-1
-1
-1
-1
-1
-1
-1
-1
-1
-1
-1
-1
-1
-1
-1
-1
-1
-1
-1
-1
-1
-1
-1
-1
-1
-1
-1
-1
-1
-1
-1
-1
-1
-1
-1
-1
-1
-1
-1
-1
-1
-1
-1
-1
-1
-1
-1
-1
-1
-1
-1
-1
-1
-1
-1
-1
-1
-1
-1
-1
-1
-1
-1
-1
-1
-1
-1
-1
-1
-1
-1
-1
-1
-1
-1
-1
-1
-1
-1
-1
-1
-1
-1
-1
-1
-1
-1
-1
-1
-1
-1
-1
-1
-1
-1
-1
-1
-1
-1
-1
-1
-1
-1
-1
-1
-1
-1
-1
-1
-1
-1
-1
-1
-1
-1
-1
-1
-1
-1
-1
-1
0.842566
0.784007
0.75
0.725676
0.706875
0.691741
0.679263
0.668822
0.660013
0.652554
0.646243
0.640929
0.6365
0.632872
0.629981
0.627777
0.626227
0.625306
0.625
0.625306
0.626227
0.627777
0.629981
0.632872
0.6365
0.640929
0.646243
0.652554
0.660013
0.668822
0.679263
0.691741
0.706875
0.725676
0.75
0.784007
0.842565
-1
-1
-1
-1
-1
-1
-1
-1
-1
-1
-1
-1
-1
-1
-1
-1
-1
-1
-1
-1
-1
-1
-1
-1
-1
-1
-1
-1
-1
-1
-1
-1
-1
-1
-1
-1
-1
-1
-1
-1
-1
-1
-1
-1
-1
-1
-1
-1
-1
-1
-1
-1
-1
-1
-1
-1
-1
-1
-1
-1
-1
-1
-1
-1
-1
-1
-1
-1
-1
-1
-1
-1
-1
-1
-1
-1
-1
-1
-1
-1
-1
-1
-1
-1
-1
-1
-1
-1
-1
-1
-1
-1
-1
-1
-1
-1
-1
-1
-1
-1
-1
-1
-1
-1
-1
-1
-1
-1
-1
-1
-1
-1
-1
-1
-1
-1
-1
-1
-1
-1
-1
-1
-1
-1
-1
-1
-1
-1
-1
-1
-1
-1
-1
-1
-1
-1
-1
-1
-1
-1
-1
-1
-1
-1
-1
-1
-1
-1
-1
-1
-1
-1
-1
-1
-1
-1
-1
-1
-1
-1
-1
-1
0.876558
0.781081
0.741659
0.714997
0.694871
0.678863
0.665744
0.654793
0.645547
0.637693
0.631007
0.625326
0.620527
0.616517
0.613225
0.610597
0.608591
0.607179
0.606339
0.606061
0.606339
0.607179
0.608591
0.610597
0.613225
0.616517
0.620527
0.625326
0.631007
0.637693
0.645547
0.654793
0.665744
0.678863
0.694871
0.714997
0.741659
0.78108
0.876561
-1
-1
-1
-1
-1
-1
-1
-1
-1
-1
-1
-1
-1
-1
-1
-1
-1
-1
-1
-1
-1
-1
-1
-1
-1
-1
-1
-1
-1
-1
-1
-1
-1
-1
-1
-1
-1
-1
-1
-1
-1
-1
-1
-1
-1
-1
-1
-1
-1
-1
-1
-1
-1
-1
-1
-1
-1
-1
-1
-1
-1
-1
-1
-1
-1
-1
-1
-1
-1
-1
-1
-1
-1
-1
-1
-1
-1
-1
-1
-1
-1
-1
-1
-1
-1
-1
-1
-1
-1
-1
-1
-1
-1
-1
-1
-1
-1
-1
-1
-1
-1
-1
-1
-1
-1
-1
-1
-1
-1
-1
-1
-1
-1
-1
-1
-1
-1
-1
-1
-1
-1
-1
-1
-1
-1
-1
-1
-1
-1
-1
-1
-1
-1
-1
-1
-1
-1
-1
-1
-1
-1
-1
-1
-1
-1
-1
-1
-1
-1
-1
-1
-1
-1
-1
-1
-1
-1
-1
-1
-1
-1
0.783863
0.735613
0.705882
0.684169
0.667173
0.653362
0.64188
0.632196
0.623959
0.616919
0.610899
0.605765
0.601415
0.597771
0.594775
0.592378
0.590548
0.589257
0.58849
0.588235
0.58849
0.589257
0.590548
0.592378
0.594775
0.597771
0.601415
0.605765
0.610899
0.616919
0.623959
0.632196
0.64188
0.653362
0.667173
0.684168
0.705882
0.735612
0.783864
-1
-1
-1
-1
-1
-1
-1
-1
-1
-1
-1
-1
-1
-1
-1
-1
-1
-1
-1
-1
-1
-1
-1
-1
-1
-1
-1
-1
-1
-1
-1
-1
-1
-1
-1
-1
-1
-1
-1
-1
-1
-1
-1
-1
-1
-1
-1
-1
-1
-1
-1
-1
-1
-1
-1
-1
-1
-1
-1
-1
-1
-1
-1
-1
-1
-1
-1
-1
-1
-1
-1
-1
-1
-1
-1
-1
-1
-1
-1
-1
-1
-1
-1
-1
-1
-1
-1
-1
-1
-1
-1
-1
-1
-1
-1
-1
-1
-1
-1
-1
-1
-1
-1
-1
-1
-1
-1
-1
-1
-1
-1
-1
-1
-1
-1
-1
-1
-1
-1
-1
-1
-1
-1
-1
-1
-1
-1
-1
-1
-1
-1
-1
-1
-1
-1
-1
-1
-1
-1
-1
-1
-1
-1
-1
-1
-1
-1
-1
-1
-1
-1
-1
-1
-1
-1
-1
-1
-1
-1
-1
0.8
0.732454
0.698438
0.674757
0.656616
0.64204
0.629995
0.619863
0.611245
0.603866
0.597527
0.592085
0.587427
0.583471
0.58015
0.577414
0.575223
0.573547
0.572365
0.571662
0.571429
0.571662
0.572365
0.573547
0.575223
0.577414
0.58015
0.583471
0.587427
0.592085
0.597527
0.603866
0.611245
0.619863
0.629995
0.64204
0.656616
0.674757
0.698438
0.732455
0.8
-1
-1
-1
-1
-1
-1
-1
-1
-1
-1
-1
-1
-1
-1
-1
-1
-1
-1
-1
-1
-1
-1
-1
-1
-1
-1
-1
-1
-1
-1
-1
-1
-1
-1
-1
-1
-1
-1
-1
-1
-1
-1
-1
-1
-1
-1
-1
-1
-1
-1
-1
-1
-1
-1
-1
-1
-1
-1
-1
-1
-1
-1
-1
-1
-1
-1
-1
-1
-1
-1
-1
-1
-1
-1
-1
-1
-1
-1
-1
-1
-1
-1
-1
-1
-1
-1
-1
-1
-1
-1
-1
-1
-1
-1
-1
-1
-1
-1
-1
-1
-1
-1
-1
-1
-1
-1
-1
-1
-1
-1
-1
-1
-1
-1
-1
-1
-1
-1
-1
-1
-1
-1
-1
-1
-1
-1
-1
-1
-1
-1
-1
-1
-1
-1
-1
-1
-1
-1
-1
-1
-1
-1
-1
-1
-1
-1
-1
-1
-1
-1
-1
-1
-1
-1
-1
-1
-1
-1
-1
0.733514
0.692884
0.666667
0.647163
0.631724
0.619068
0.608468
0.599466
0.591752
0.585109
0.579377
0.574438
0.570199
0.566589
0.563553
0.561047
0.559039
0.557501
0.556416
0.55577
0.555555
0.55577
0.556416
0.557501
0.559039
0.561047
0.563553
0.566589
0.570199
0.574438
0.579377
0.585109
0.591752
0.599466
0.608468
0.619068
0.631723
0.647163
0.666666
0.692885
0.733514
-1
-1
-1
-1
-1
-1
-1
-1
-1
-1
-1
-1
-1
-1
-1
-1
-1
-1
-1
-1
-1
-1
-1
-1
-1
-1
-1
-1
-1
-1
-1
-1
-1
-1
-1
-1
-1
-1
-1
-1
-1
-1
-1
-1
-1
-1
-1
-1
-1
-1
-1
-1
-1
-1
-1
-1
-1
-1
-1
-1
-1
-1
-1
-1
-1
-1
-1
-1
-1
-1
-1
-1
-1
-1
-1
-1
-1
-1
-1
-1
-1
-1
-1
-1
-1
-1
-1
-1
-1
-1
-1
-1
-1
-1
-1
-1
-1
-1
-1
-1
-1
-1
-1
-1
-1
-1
-1
-1
-1
-1
-1
-1
-1
-1
-1
-1
-1
-1
-1
-1
-1
-1
-1
-1
-1
-1
-1
-1
-1
-1
-1
-1
-1
-1
-1
-1
-1
-1
-1
-1
-1
-1
-1
-1
-1
-1
-1
-1
-1
-1
-1
-1
-1
-1
-1
-1
-1
-1
0.742737
0.689655
0.659982
0.638809
0.622372
0.609043
0.597944
0.588545
0.580496
0.573556
0.56755
0.562348
0.557849
0.553979
0.550675
0.547892
0.545592
0.543746
0.542332
0.541333
0.540738
0.540541
0.540738
0.541333
0.542332
0.543746
0.545592
0.547892
0.550675
0.553979
0.557849
0.562348
0.56755
0.573556
0.580496
0.588545
0.597944
0.609042
0.622372
0.638808
0.659982
0.689655
0.742737
-1
-1
-1
-1
-1
-1
-1
-1
-1
-1
-1
-1
-1
-1
-1
-1
-1
-1
-1
-1
-1
-1
-1
-1
-1
-1
-1
-1
-1
-1
-1
-1
-1
-1
-1
-1
-1
-1
-1
-1
-1
-1
-1
-1
-1
-1
-1
-1
-1
-1
-1
-1
-1
-1
-1
-1
-1
-1
-1
-1
-1
-1
-1
-1
-1
-1
-1
-1
-1
-1
-1
-1
-1
-1
-1
-1
-1
-1
-1
-1
-1
-1
-1
-1
-1
-1
-1
-1
-1
-1
-1
-1
-1
-1
-1
-1
-1
-1
-1
-1
-1
-1
-1
-1
-1
-1
-1
-1
-1
-1
-1
-1
-1
-1
-1
-1
-1
-1
-1
-1
-1
-1
-1
-1
-1
-1
-1
-1
-1
-1
-1
-1
-1
-1
-1
-1
-1
-1
-1
-1
-1
-1
-1
-1
-1
-1
-1
-1
-1
-1
-1
-1
-1
-1
-1
-1
-1
0.689655
0.654875
0.631579
0.613964
0.599875
0.588235
0.57842
0.570031
0.562797
0.556525
0.551073
0.546333
0.542224
0.538679
0.535648
0.53309
0.530973
0.529273
0.527969
0.527047
0.526498
0.526316
0.526498
0.527047
0.527969
0.529273
0.530973
0.53309
0.535648
0.538679
0.542224
0.546333
0.551073
0.556525
0.562797
0.570031
0.57842
0.588235
0.599875
0.613964
0.631579
0.654875
0.689655
-1
-1
-1
-1
-1
-1
-1
-1
-1
-1
-1
-1
-1
-1
-1
-1
-1
-1
-1
-1
-1
-1
-1
-1
-1
-1
-1
-1
-1
-1
-1
-1
-1
-1
-1
-1
-1
-1
-1
-1
-1
-1
-1
-1
-1
-1
-1
-1
-1
-1
-1
-1
-1
-1
-1
-1
-1
-1
-1
-1
-1
-1
-1
-1
-1
-1
-1
-1
-1
-1
-1
-1
-1
-1
-1
-1
-1
-1
-1
-1
-1
-1
-1
-1
-1
-1
-1
-1
-1
-1
-1
-1
-1
-1
-1
-1
-1
-1
-1
-1
-1
-1
-1
-1
-1
-1
-1
-1
-1
-1
-1
-1
-1
-1
-1
-1
-1
-1
-1
-1
-1
-1
-1
-1
-1
-1
-1
-1
-1
-1
-1
-1
-1
-1
-1
-1
-1
-1
-1
-1
-1
-1
-1
-1
-1
-1
-1
-1
-1
-1
-1
-1
-1
-1
-1
-1
0.695196
0.651669
0.625544
0.606499
0.591537
0.579299
0.56904
0.560297
0.552766
0.546232
0.540541
0.535574
0.531242
0.527477
0.524221
0.521433
0.519077
0.517124
0.515554
0.514349
0.513497
0.512989
0.512821
0.512989
0.513497
0.514349
0.515554
0.517124
0.519077
0.521433
0.524221
0.527477
0.531242
0.535574
0.540541
0.546232
0.552766
0.560297
0.569039
0.579299
0.591537
0.606499
0.625544
0.65167
0.695196
-1
-1
-1
-1
-1
-1
-1
-1
-1
-1
-1
-1
-1
-1
-1
-1
-1
-1
-1
-1
-1
-1
-1
-1
-1
-1
-1
-1
-1
-1
-1
-1
-1
-1
-1
-1
-1
-1
-1
-1
-1
-1
-1
-1
-1
-1
-1
-1
-1
-1
-1
-1
-1
-1
-1
-1
-1
-1
-1
-1
-1
-1
-1
-1
-1
-1
-1
-1
-1
-1
-1
-1
-1
-1
-1
-1
-1
-1
-1
-1
-1
-1
-1
-1
-1
-1
-1
-1
-1
-1
-1
-1
-1
-1
-1
-1
-1
-1
-1
-1
-1
-1
-1
-1
-1
-1
-1
-1
-1
-1
-1
-1
-1
-1
-1
-1
-1
-1
-1
-1
-1
-1
-1
-1
-1
-1
-1
-1
-1
-1
-1
-1
-1
-1
-1
-1
-1
-1
-1
-1
-1
-1
-1
-1
-1
-1
-1
-1
-1
-1
-1
-1
-1
-1
0.717656
0.651003
0.62084
0.6
0.584012
0.571103
0.56036
0.551246
0.54341
0.536615
0.530689
0.525504
0.520965
0.516994
0.513534
0.510537
0.507966
0.50579
0.503985
0.502532
0.501416
0.500627
0.500156
0.5
0.500156
0.500627
0.501416
0.502532
0.503985
0.50579
0.507966
0.510537
0.513534
0.516994
0.520965
0.525504
0.530689
0.536615
0.54341
0.551246
0.56036
0.571103
0.584012
0.6
0.62084
0.651003
0.717656
-1
-1
-1
-1
-1
-1
-1
-1
-1
-1
-1
-1
-1
-1
-1
-1
-1
-1
-1
-1
-1
-1
-1
-1
-1
-1
-1
-1
-1
-1
-1
-1
-1
-1
-1
-1
-1
-1
-1
-1
-1
-1
-1
-1
-1
-1
-1
-1
-1
-1
-1
-1
-1
-1
-1
-1
-1
-1
-1
-1
-1
-1
-1
-1
-1
-1
-1
-1
-1
-1
-1
-1
-1
-1
-1
-1
-1
-1
-1
-1
-1
-1
-1
-1
-1
-1
-1
-1
-1
-1
-1
-1
-1
-1
-1
-1
-1
-1
-1
-1
-1
-1
-1
-1
-1
-1
-1
-1
-1
-1
-1
-1
-1
-1
-1
-1
-1
-1
-1
-1
-1
-1
-1
-1
-1
-1
-1
-1
-1
-1
-1
-1
-1
-1
-1
-1
-1
-1
-1
-1
-1
-1
-1
-1
-1
-1
-1
-1
-1
-1
-1
-1
-1
0.65434
0.617711
0.594525
0.577302
0.563623
0.552348
0.542836
0.534684
0.527623
0.521464
0.516068
0.511329
0.507167
0.503517
0.500329
0.497564
0.495187
0.493173
0.491501
0.490154
0.48912
0.488387
0.48795
0.487805
0.48795
0.488387
0.48912
0.490154
0.491501
0.493173
0.495187
0.497564
0.500329
0.503517
0.507167
0.511329
0.516068
0.521464
0.527623
0.534683
0.542836
0.552348
0.563623
0.577302
0.594525
0.617711
0.65434
-1
-1
-1
-1
-1
-1
-1
-1
-1
-1
-1
-1
-1
-1
-1
-1
-1
-1
-1
-1
-1
-1
-1
-1
-1
-1
-1
-1
-1
-1
-1
-1
-1
-1
-1
-1
-1
-1
-1
-1
-1
-1
-1
-1
-1
-1
-1
-1
-1
-1
-1
-1
-1
-1
-1
-1
-1
-1
-1
-1
-1
-1
-1
-1
-1
-1
-1
-1
-1
-1
-1
-1
-1
-1
-1
-1
-1
-1
-1
-1
-1
-1
-1
-1
-1
-1
-1
-1
-1
-1
-1
-1
-1
-1
-1
-1
-1
-1
-1
-1
-1
-1
-1
-1
-1
-1
-1
-1
-1
-1
-1
-1
-1
-1
-1
-1
-1
-1
-1
-1
-1
-1
-1
-1
-1
-1
-1
-1
-1
-1
-1
-1
-1
-1
-1
-1
-1
-1
-1
-1
-1
-1
-1
-1
-1
-1
-1
-1
-1
-1
-1
-1
0.666667
0.616623
0.590182
0.571428
0.556851
0.544979
0.535034
0.526547
0.519213
0.51282
0.507216
0.502285
0.497939
0.494112
0.490748
0.487805
0.485247
0.483045
0.481178
0.479626
0.478375
0.477413
0.476732
0.476325
0.47619
0.476325
0.476732
0.477413
0.478375
0.479626
0.481178
0.483045
0.485247
0.487805
0.490748
0.494112
0.497939
0.502285
0.507216
0.51282
0.519213
0.526547
0.535033
0.544979
0.556851
0.571429
0.590182
0.616623
0.666666
-1
-1
-1
-1
-1
-1
-1
-1
-1
-1
-1
-1
-1
-1
-1
-1
-1
-1
-1
-1
-1
-1
-1
-1
-1
-1
-1
-1
-1
-1
-1
-1
-1
-1
-1
-1
-1
-1
-1
-1
-1
-1
-1
-1
-1
-1
-1
-1
-1
-1
-1
-1
-1
-1
-1
-1
-1
-1
-1
-1
-1
-1
-1
-1
-1
-1
-1
-1
-1
-1
-1
-1
-1
-1
-1
-1
-1
-1
-1
-1
-1
-1
-1
-1
-1
-1
-1
-1
-1
-1
-1
-1
-1
-1
-1
-1
-1
-1
-1
-1
-1
-1
-1
-1
-1
-1
-1
-1
-1
-1
-1
-1
-1
-1
-1
-1
-1
-1
-1
-1
-1
-1
-1
-1
-1
-1
-1
-1
-1
-1
-1
-1
-1
-1
-1
-1
-1
-1
-1
-1
-1
-1
-1
-1
-1
-1
-1
-1
-1
-1
-1
0.618557
0.587162
0.566439
0.550789
0.538235
0.527813
0.518967
0.511348
0.504717
0.498904
0.493784
0.489263
0.485268
0.481739
0.478632
0.475907
0.473536
0.471493
0.469758
0.468315
0.467151
0.466255
0.465621
0.465242
0.465116
0.465242
0.465621
0.466255
0.467151
0.468315
0.469758
0.471493
0.473536
0.475907
0.478632
0.481739
0.485268
0.489263
0.493784
0.498904
0.504717
0.511348
0.518967
0.527813
0.538235
0.550789
0.56644
0.587162
0.618556
-1
-1
-1
-1
-1
-1
-1
-1
-1
-1
-1
-1
-1
-1
-1
-1
-1
-1
-1
-1
-1
-1
-1
-1
-1
-1
-1
-1
-1
-1
-1
-1
-1
-1
-1
-1
-1
-1
-1
-1
-1
-1
-1
-1
-1
-1
-1
-1
-1
-1
-1
-1
-1
-1
-1
-1
-1
-1
-1
-1
-1
-1
-1
-1
-1
-1
-1
-1
-1
-1
-1
-1
-1
-1
-1
-1
-1
-1
-1
-1
-1
-1
-1
-1
-1
-1
-1
-1
-1
-1
-1
-1
-1
-1
-1
-1
-1
-1
-1
-1
-1
-1
-1
-1
-1
-1
-1
-1
-1
-1
-1
-1
-1
-1
-1
-1
-1
-1
-1
-1
-1
-1
-1
-1
-1
-1
-1
-1
-1
-1
-1
-1
-1
-1
-1
-1
-1
-1
-1
-1
-1
-1
-1
-1
-1
-1
-1
-1
-1
-1
0.626238
0.58581
0.562422
0.545455
0.532109
0.521153
0.511918
0.503997
0.497119
0.491095
0.485788
0.481096
0.47694
0.473255
0.469995
0.467117
0.46459
0.462388
0.460488
0.458873
0.457529
0.456443
0.455608
0.455016
0.454663
0.454545
0.454663
0.455016
0.455608
0.456443
0.457529
0.458873
0.460488
0.462388
0.46459
0.467117
0.469995
0.473255
0.47694
0.481096
0.485788
0.491095
0.497119
0.503997
0.511919
0.521153
0.532109
0.545455
0.562422
0.58581
0.626238
-1
-1
-1
-1
-1
-1
-1
-1
-1
-1
-1
-1
-1
-1
-1
-1
-1
-1
-1
-1
-1
-1
-1
-1
-1
-1
-1
-1
-1
-1
-1
-1
-1
-1
-1
-1
-1
-1
-1
-1
-1
-1
-1
-1
-1
-1
-1
-1
-1
-1
-1
-1
-1
-1
-1
-1
-1
-1
-1
-1
-1
-1
-1
-1
-1
-1
-1
-1
-1
-1
-1
-1
-1
-1
-1
-1
-1
-1
-1
-1
-1
-1
-1
-1
-1
-1
-1
-1
-1
-1
-1
-1
-1
-1
-1
-1
-1
-1
-1
-1
-1
-1
-1
-1
-1
-1
-1
-1
-1
-1
-1
-1
-1
-1
-1
-1
-1
-1
-1
-1
-1
-1
-1
-1
-1
-1
-1
-1
-1
-1
-1
-1
-1
-1
-1
-1
-1
-1
-1
-1
-1
-1
-1
-1
-1
-1
-1
-1
-1
0.586812
0.559526
0.540889
0.526605
0.515042
0.505379
0.497133
0.489996
0.483756
0.478262
0.473401
0.469088
0.465255
0.46185
0.458829
0.456159
0.453811
0.451761
0.449991
0.448486
0.447231
0.446218
0.445438
0.444884
0.444554
0.444444
0.444554
0.444884
0.445438
0.446218
0.447231
0.448486
0.449991
0.451761
0.453811
0.456159
0.458829
0.46185
0.465255
0.469088
0.473401
0.478262
0.483756
0.489996
0.497133
0.505379
0.515042
0.526605
0.540889
0.559526
0.586812
-1
-1
-1
-1
-1
-1
-1
-1
-1
-1
-1
-1
-1
-1
-1
-1
-1
-1
-1
-1
-1
-1
-1
-1
-1
-1
-1
-1
-1
-1
-1
-1
-1
-1
-1
-1
-1
-1
-1
-1
-1
-1
-1
-1
-1
-1
-1
-1
-1
-1
-1
-1
-1
-1
-1
-1
-1
-1
-1
-1
-1
-1
-1
-1
-1
-1
-1
-1
-1
-1
-1
-1
-1
-1
-1
-1
-1
-1
-1
-1
-1
-1
-1
-1
-1
-1
-1
-1
-1
-1
-1
-1
-1
-1
-1
-1
-1
-1
-1
-1
-1
-1
-1
-1
-1
-1
-1
-1
-1
-1
-1
-1
-1
-1
-1
-1
-1
-1
-1
-1
-1
-1
-1
-1
-1
-1
-1
-1
-1
-1
-1
-1
-1
-1
-1
-1
-1
-1
-1
-1
-1
-1
-1
-1
-1
-1
-1
-1
0.591828
0.558014
0.537164
0.521739
0.509475
0.499333
0.490735
0.483324
0.47686
0.471175
0.466146
0.461679
0.457702
0.454159
0.451004
0.4482
0.445717
0.44353
0.44162
0.439968
0.438562
0.43739
0.436442
0.435712
0.435195
0.434885
0.434783
0.434885
0.435195
0.435712
0.436442
0.43739
0.438562
0.439968
0.44162
0.443531
0.445717
0.4482
0.451004
0.454159
0.457702
0.461679
0.466146
0.471175
0.47686
0.483324
0.490735
0.499333
0.509476
0.521739
0.537164
0.558014
0.591828
-1
-1
-1
-1
-1
-1
-1
-1
-1
-1
-1
-1
-1
-1
-1
-1
-1
-1
-1
-1
-1
-1
-1
-1
-1
-1
-1
-1
-1
-1
-1
-1
-1
-1
-1
-1
-1
-1
-1
-1
-1
-1
-1
-1
-1
-1
-1
-1
-1
-1
-1
-1
-1
-1
-1
-1
-1
-1
-1
-1
-1
-1
-1
-1
-1
-1
-1
-1
-1
-1
-1
-1
-1
-1
-1
-1
-1
-1
-1
-1
-1
-1
-1
-1
-1
-1
-1
-1
-1
-1
-1
-1
-1
-1
-1
-1
-1
-1
-1
-1
-1
-1
-1
-1
-1
-1
-1
-1
-1
-1
-1
-1
-1
-1
-1
-1
-1
-1
-1
-1
-1
-1
-1
-1
-1
-1
-1
-1
-1
-1
-1
-1
-1
-1
-1
-1
-1
-1
-1
-1
-1
-1
-1
-1
-1
-1
0.607961
0.55838
0.534399
0.517546
0.504456
0.493772
0.484787
0.477081
0.470382
0.464501
0.459301
0.454682
0.450564
0.446889
0.443606
0.440676
0.438068
0.435755
0.433715
0.431931
0.430387
0.429072
0.427975
0.427087
0.426403
0.425918
0.425628
0.425532
0.425628
0.425918
0.426403
0.427087
0.427975
0.429072
0.430388
0.431931
0.433715
0.435755
0.438068
0.440676
0.443606
0.446889
0.450564
0.454681
0.459301
0.4645
0.470382
0.477081
0.484787
0.493772
0.504456
0.517546
0.534399
0.55838
0.607961
-1
-1
-1
-1
-1
-1
-1
-1
-1
-1
-1
-1
-1
-1
-1
-1
-1
-1
-1
-1
-1
-1
-1
-1
-1
-1
-1
-1
-1
-1
-1
-1
-1
-1
-1
-1
-1
-1
-1
-1
-1
-1
-1
-1
-1
-1
-1
-1
-1
-1
-1
-1
-1
-1
-1
-1
-1
-1
-1
-1
-1
-1
-1
-1
-1
-1
-1
-1
-1
-1
-1
-1
-1
-1
-1
-1
-1
-1
-1
-1
-1
-1
-1
-1
-1
-1
-1
-1
-1
-1
-1
-1
-1
-1
-1
-1
-1
-1
-1
-1
-1
-1
-1
-1
-1
-1
-1
-1
-1
-1
-1
-1
-1
-1
-1
-1
-1
-1
-1
-1
-1
-1
-1
-1
-1
-1
-1
-1
-1
-1
-1
-1
-1
-1
-1
-1
-1
-1
-1
-1
-1
-1
-1
-1
-1
0.56171
0.532797
0.514085
0.5
0.488691
0.479275
0.47125
0.464301
0.458215
0.452842
0.44807
0.443814
0.440009
0.436603
0.433554
0.430828
0.428398
0.426239
0.424333
0.422665
0.42122
0.419987
0.418958
0.418126
0.417484
0.417029
0.416757
0.416667
0.416757
0.417029
0.417484
0.418126
0.418958
0.419987
0.42122
0.422665
0.424333
0.426239
0.428398
0.430828
0.433554
0.436603
0.440009
0.443814
0.44807
0.452842
0.458215
0.464301
0.47125
0.479275
0.488691
0.5
0.514085
0.532797
0.56171
-1
-1
-1
-1
-1
-1
-1
-1
-1
-1
-1
-1
-1
-1
-1
-1
-1
-1
-1
-1
-1
-1
-1
-1
-1
-1
-1
-1
-1
-1
-1
-1
-1
-1
-1
-1
-1
-1
-1
-1
-1
-1
-1
-1
-1
-1
-1
-1
-1
-1
-1
-1
-1
-1
-1
-1
-1
-1
-1
-1
-1
-1
-1
-1
-1
-1
-1
-1
-1
-1
-1
-1
-1
-1
-1
-1
-1
-1
-1
-1
-1
-1
-1
-1
-1
-1
-1
-1
-1
-1
-1
-1
-1
-1
-1
-1
-1
-1
-1
-1
-1
-1
-1
-1
-1
-1
-1
-1
-1
-1
-1
-1
-1
-1
-1
-1
-1
-1
-1
-1
-1
-1
-1
-1
-1
-1
-1
-1
-1
-1
-1
-1
-1
-1
-1
-1
-1
-1
-1
-1
-1
-1
-1
-1
0.571428
0.532724
0.511451
0.496136
0.484096
0.474193
0.465817
0.4586
0.4523
0.446747
0.441819
0.437425
0.433493
0.429968
0.426805
0.423968
0.421427
0.419158
0.41714
0.415356
0.413793
0.412438
0.411282
0.410316
0.409535
0.408932
0.408504
0.408248
0.408163
0.408248
0.408504
0.408932
0.409535
0.410316
0.411282
0.412438
0.413793
0.415356
0.41714
0.419158
0.421427
0.423968
0.426805
0.429968
0.433493
0.437425
0.441819
0.446747
0.4523
0.4586
0.465817
0.474193
0.484096
0.496136
0.511451
0.532724
0.571428
-1
-1
-1
-1
-1
-1
-1
-1
-1
-1
-1
-1
-1
-1
-1
-1
-1
-1
-1
-1
-1
-1
-1
-1
-1
-1
-1
-1
-1
-1
-1
-1
-1
-1
-1
-1
-1
-1
-1
-1
-1
-1
-1
-1
-1
-1
-1
-1
-1
-1
-1
-1
-1
-1
-1
-1
-1
-1
-1
-1
-1
-1
-1
-1
-1
-1
-1
-1
-1
-1
-1
-1
-1
-1
-1
-1
-1
-1
-1
-1
-1
-1
-1
-1
-1
-1
-1
-1
-1
-1
-1
-1
-1
-1
-1
-1
-1
-1
-1
-1
-1
-1
-1
-1
-1
-1
-1
-1
-1
-1
-1
-1
-1
-1
-1
-1
-1
-1
-1
-1
-1
-1
-1
-1
-1
-1
-1
-1
-1
-1
-1
-1
-1
-1
-1
-1
-1
-1
-1
-1
-1
-1
-1
0.534924
0.509806
0.492912
0.48
0.469539
0.460773
0.453265
0.446736
0.440996
0.43591
0.431376
0.427319
0.423677
0.420404
0.41746
0.414814
0.412441
0.410319
0.40843
0.406758
0.405291
0.404019
0.402933
0.402025
0.40129
0.400723
0.400321
0.40008
0.4
0.40008
0.400321
0.400723
0.40129
0.402025
0.402933
0.404019
0.405291
0.406758
0.40843
0.410319
0.412441
0.414814
0.41746
0.420404
0.423677
0.427319
0.431376
0.43591
0.440996
0.446736
0.453265
0.460773
0.469539
0.48
0.492912
0.509806
0.534924
-1
-1
-1
-1
-1
-1
-1
-1
-1
-1
-1
-1
-1
-1
-1
-1
-1
-1
-1
-1
-1
-1
-1
-1
-1
-1
-1
-1
-1
-1
-1
-1
-1
-1
-1
-1
-1
-1
-1
-1
-1
-1
-1
-1
-1
-1
-1
-1
-1
-1
-1
-1
-1
-1
-1
-1
-1
-1
-1
-1
-1
-1
-1
-1
-1
-1
-1
-1
-1
-1
-1
-1
-1
-1
-1
-1
-1
-1
-1
-1
-1
-1
-1
-1
-1
-1
-1
-1
-1
-1
-1
-1
-1
-1
-1
-1
-1
-1
-1
-1
-1
-1
-1
-1
-1
-1
-1
-1
-1
-1
-1
-1
-1
-1
-1
-1
-1
-1
-1
-1
-1
-1
-1
-1
-1
-1
-1
-1
-1
-1
-1
-1
-1
-1
-1
-1
-1
-1
-1
-1
-1
-1
0.541361
0.509426
0.490408
0.476427
0.465317
0.456112
0.448285
0.441511
0.435575
0.430324
0.425648
0.421464
0.417707
0.414326
0.411279
0.408534
0.406063
0.403843
0.401855
0.400083
0.398514
0.397137
0.395941
0.394919
0.394065
0.393372
0.392838
0.392459
0.392232
0.392157
0.392232
0.392459
0.392838
0.393372
0.394065
0.394919
0.395941
0.397137
0.398514
0.400083
0.401855
0.403843
0.406063
0.408534
0.411279
0.414326
0.417707
0.421464
0.425648
0.430324
0.435575
0.441511
0.448285
0.456112
0.465317
0.476427
0.490408
0.509425
0.541361
-1
-1
-1
-1
-1
-1
-1
-1
-1
-1
-1
-1
-1
-1
-1
-1
-1
-1
-1
-1
-1
-1
-1
-1
-1
-1
-1
-1
-1
-1
-1
-1
-1
-1
-1
-1
-1
-1
-1
-1
-1
-1
-1
-1
-1
-1
-1
-1
-1
-1
-1
-1
-1
-1
-1
-1
-1
-1
-1
-1
-1
-1
-1
-1
-1
-1
-1
-1
-1
-1
-1
-1
-1
-1
-1
-1
-1
-1
-1
-1
-1
-1
-1
-1
-1
-1
-1
-1
-1
-1
-1
-1
-1
-1
-1
-1
-1
-1
-1
-1
-1
-1
-1
-1
-1
-1
-1
-1
-1
-1
-1
-1
-1
-1
-1
-1
-1
-1
-1
-1
-1
-1
-1
-1
-1
-1
-1
-1
-1
-1
-1
-1
-1
-1
-1
-1
-1
-1
-1
-1
0.566037
0.51084
0.488752
0.473419
0.461538
0.451833
0.443652
0.436613
0.430467
0.425044
0.420223
0.415911
0.412039
0.408552
0.405405
0.402565
0.4
0.397688
0.395607
0.393742
0.392078
0.390603
0.389307
0.388182
0.387219
0.386414
0.385762
0.385258
0.3849
0.384686
0.384615
0.384686
0.3849
0.385258
0.385762
0.386414
0.387219
0.388182
0.389307
0.390603
0.392078
0.393742
0.395607
0.397688
0.4
0.402565
0.405405
0.408552
0.412039
0.415911
0.420223
0.425044
0.430467
0.436613
0.443652
0.451833
0.461538
0.473419
0.488752
0.51084
0.566037
-1
-1
-1
-1
-1
-1
-1
-1
-1
-1
-1
-1
-1
-1
-1
-1
-1
-1
-1
-1
-1
-1
-1
-1
-1
-1
-1
-1
-1
-1
-1
-1
-1
-1
-1
-1
-1
-1
-1
-1
-1
-1
-1
-1
-1
-1
-1
-1
-1
-1
-1
-1
-1
-1
-1
-1
-1
-1
-1
-1
-1
-1
-1
-1
-1
-1
-1
-1
-1
-1
-1
-1
-1
-1
-1
-1
-1
-1
-1
-1
-1
-1
-1
-1
-1
-1
-1
-1
-1
-1
-1
-1
-1
-1
-1
-1
-1
-1
-1
-1
-1
-1
-1
-1
-1
-1
-1
-1
-1
-1
-1
-1
-1
-1
-1
-1
-1
-1
-1
-1
-1
-1
-1
-1
-1
-1
-1
-1
-1
-1
-1
-1
-1
-1
-1
-1
-1
-1
-1
0.515286
0.488156
0.471041
0.458225
0.44794
0.439363
0.432032
0.425661
0.420058
0.415085
0.410643
0.406655
0.403063
0.399818
0.396885
0.39423
0.39183
0.389663
0.387711
0.385959
0.384394
0.383006
0.381785
0.380724
0.379816
0.379057
0.378441
0.377965
0.377628
0.377426
0.377358
0.377426
0.377628
0.377965
0.378441
0.379057
0.379816
0.380724
0.381785
0.383006
0.384394
0.385959
0.387711
0.389663
0.39183
0.39423
0.396885
0.399818
0.403063
0.406655
0.410643
0.415085
0.420058
0.425661
0.432032
0.439363
0.44794
0.458225
0.47104
0.488156
0.515286
-1
-1
-1
-1
-1
-1
-1
-1
-1
-1
-1
-1
-1
-1
-1
-1
-1
-1
-1
-1
-1
-1
-1
-1
-1
-1
-1
-1
-1
-1
-1
-1
-1
-1
-1
-1
-1
-1
-1
-1
-1
-1
-1
-1
-1
-1
-1
-1
-1
-1
-1
-1
-1
-1
-1
-1
-1
-1
-1
-1
-1
-1
-1
-1
-1
-1
-1
-1
-1
-1
-1
-1
-1
-1
-1
-1
-1
-1
-1
-1
-1
-1
-1
-1
-1
-1
-1
-1
-1
-1
-1
-1
-1
-1
-1
-1
-1
-1
-1
-1
-1
-1
-1
-1
-1
-1
-1
-1
-1
-1
-1
-1
-1
-1
-1
-1
-1
-1
-1
-1
-1
-1
-1
-1
-1
-1
-1
-1
-1
-1
-1
-1
-1
-1
-1
-1
-1
-1
0.527497
0.48901
0.469395
0.455412
0.444444
0.435416
0.427763
0.421149
0.415353
0.410222
0.405645
0.40154
0.397842
0.394501
0.391477
0.388736
0.386251
0.384002
0.381967
0.380132
0.378484
0.37701
0.375702
0.374551
0.373549
0.372693
0.371975
0.371394
0.370944
0.370625
0.370434
0.37037
0.370434
0.370625
0.370944
0.371394
0.371975
0.372693
0.373549
0.374551
0.375702
0.37701
0.378484
0.380132
0.381967
0.384002
0.386251
0.388736
0.391477
0.394501
0.397842
0.40154
0.405645
0.410222
0.415353
0.421149
0.427763
0.435416
0.444444
0.455412
0.469395
0.48901
0.527497
-1
-1
-1
-1
-1
-1
-1
-1
-1
-1
-1
-1
-1
-1
-1
-1
-1
-1
-1
-1
-1
-1
-1
-1
-1
-1
-1
-1
-1
-1
-1
-1
-1
-1
-1
-1
-1
-1
-1
-1
-1
-1
-1
-1
-1
-1
-1
-1
-1
-1
-1
-1
-1
-1
-1
-1
-1
-1
-1
-1
-1
-1
-1
-1
-1
-1
-1
-1
-1
-1
-1
-1
-1
-1
-1
-1
-1
-1
-1
-1
-1
-1
-1
-1
-1
-1
-1
-1
-1
-1
-1
-1
-1
-1
-1
-1
-1
-1
-1
-1
-1
-1
-1
-1
-1
-1
-1
-1
-1
-1
-1
-1
-1
-1
-1
-1
-1
-1
-1
-1
-1
-1
-1
-1
-1
-1
-1
-1
-1
-1
-1
-1
-1
-1
-1
-1
-1
0.492141
0.468648
0.453154
0.441364
0.431815
0.423803
0.416922
0.41092
0.405622
0.400906
0.39668
0.392876
0.389438
0.386324
0.383499
0.380933
0.378604
0.376492
0.374579
0.372853
0.3713
0.36991
0.368676
0.367589
0.366643
0.365833
0.365155
0.364604
0.364179
0.363877
0.363696
0.363636
0.363696
0.363877
0.364179
0.364604
0.365155
0.365833
0.366643
0.367589
0.368676
0.36991
0.3713
0.372853
0.374579
0.376492
0.378604
0.380933
0.383499
0.386324
0.389438
0.392876
0.39668
0.400906
0.405622
0.41092
0.416922
0.423803
0.431815
0.441364
0.453154
0.468648
0.49214
-1
-1
-1
-1
-1
-1
-1
-1
-1
-1
-1
-1
-1
-1
-1
-1
-1
-1
-1
-1
-1
-1
-1
-1
-1
-1
-1
-1
-1
-1
-1
-1
-1
-1
-1
-1
-1
-1
-1
-1
-1
-1
-1
-1
-1
-1
-1
-1
-1
-1
-1
-1
-1
-1
-1
-1
-1
-1
-1
-1
-1
-1
-1
-1
-1
-1
-1
-1
-1
-1
-1
-1
-1
-1
-1
-1
-1
-1
-1
-1
-1
-1
-1
-1
-1
-1
-1
-1
-1
-1
-1
-1
-1
-1
-1
-1
-1
-1
-1
-1
-1
-1
-1
-1
-1
-1
-1
-1
-1
-1
-1
-1
-1
-1
-1
-1
-1
-1
-1
-1
-1
-1
-1
-1
-1
-1
-1
-1
-1
-1
-1
-1
-1
-1
-1
-1
0.5
0.469095
0.451533
0.438729
0.428571
0.420151
0.412977
0.406751
0.401275
0.396413
0.392063
0.38815
0.384615
0.381412
0.378504
0.37586
0.373455
0.371268
0.369281
0.367481
0.365854
0.364389
0.363077
0.361911
0.360884
0.359989
0.359223
0.358581
0.35806
0.357657
0.357371
0.3572
0.357143
0.3572
0.357371
0.357657
0.35806
0.358581
0.359223
0.359989
0.360884
0.361911
0.363077
0.364389
0.365854
0.367481
0.369281
0.371268
0.373455
0.37586
0.378504
0.381412
0.384615
0.38815
0.392063
0.396413
0.401275
0.406751
0.412977
0.420151
0.428571
0.438728
0.451533
0.469094
0.5
-1
-1
-1
-1
-1
-1
-1
-1
-1
-1
-1
-1
-1
-1
-1
-1
-1
-1
-1
-1
-1
-1
-1
-1
-1
-1
-1
-1
-1
-1
-1
-1
-1
-1
-1
-1
-1
-1
-1
-1
-1
-1
-1
-1
-1
-1
-1
-1
-1
-1
-1
-1
-1
-1
-1
-1
-1
-1
-1
-1
-1
-1
-1
-1
-1
-1
-1
-1
-1
-1
-1
-1
-1
-1
-1
-1
-1
-1
-1
-1
-1
-1
-1
-1
-1
-1
-1
-1
-1
-1
-1
-1
-1
-1
-1
-1
-1
-1
-1
-1
-1
-1
-1
-1
-1
-1
-1
-1
-1
-1
-1
-1
-1
-1
-1
-1
-1
-1
-1
-1
-1
-1
-1
-1
-1
-1
-1
-1
-1
-1
-1
-1
-1
-1
-1
0.471312
0.450684
0.436584
0.4257
0.416811
0.40931
0.402839
0.397173
0.392157
0.387678
0.383654
0.380021
0.376729
0.373738
0.371016
0.368537
0.366279
0.364222
0.362352
0.360655
0.359119
0.357736
0.356496
0.355393
0.354421
0.353574
0.352849
0.35224
0.351747
0.351365
0.351094
0.350931
0.350877
0.350931
0.351094
0.351365
0.351747
0.35224
0.352849
0.353574
0.354421
0.355393
0.356496
0.357736
0.359119
0.360655
0.362352
0.364222
0.366279
0.368537
0.371016
0.373738
0.376729
0.380021
0.383654
0.387678
0.392157
0.397173
0.402839
0.40931
0.416811
0.4257
0.436584
0.450683
0.471312
-1
-1
-1
-1
-1
-1
-1
-1
-1
-1
-1
-1
-1
-1
-1
-1
-1
-1
-1
-1
-1
-1
-1
-1
-1
-1
-1
-1
-1
-1
-1
-1
-1
-1
-1
-1
-1
-1
-1
-1
-1
-1
-1
-1
-1
-1
-1
-1
-1
-1
-1
-1
-1
-1
-1
-1
-1
-1
-1
-1
-1
-1
-1
-1
-1
-1
-1
-1
-1
-1
-1
-1
-1
-1
-1
-1
-1
-1
-1
-1
-1
-1
-1
-1
-1
-1
-1
-1
-1
-1
-1
-1
-1
-1
-1
-1
-1
-1
-1
-1
-1
-1
-1
-1
-1
-1
-1
-1
-1
-1
-1
-1
-1
-1
-1
-1
-1
-1
-1
-1
-1
-1
-1
-1
-1
-1
-1
-1
-1
-1
-1
-1
-1
-1
0.476762
0.450829
0.434998
0.423226
0.413793
0.405921
0.399182
0.39331
0.38813
0.383515
0.379376
0.375642
0.372261
0.369188
0.36639
0.363839
0.361511
0.359387
0.35745
0.355687
0.354085
0.352634
0.351326
0.350154
0.349109
0.348188
0.347386
0.346698
0.346121
0.345653
0.34529
0.345033
0.344879
0.344828
0.344879
0.345033
0.34529
0.345653
0.346121
0.346698
0.347386
0.348188
0.349109
0.350154
0.351326
0.352634
0.354085
0.355687
0.35745
0.359387
0.361511
0.363839
0.36639
0.369188
0.372261
0.375642
0.379376
0.383515
0.38813
0.39331
0.399182
0.405921
0.413793
0.423226
0.434998
0.45083
0.476763
-1
-1
-1
-1
-1
-1
-1
-1
-1
-1
-1
-1
-1
-1
-1
-1
-1
-1
-1
-1
-1
-1
-1
-1
-1
-1
-1
-1
-1
-1
-1
-1
-1
-1
-1
-1
-1
-1
-1
-1
-1
-1
-1
-1
-1
-1
-1
-1
-1
-1
-1
-1
-1
-1
-1
-1
-1
-1
-1
-1
-1
-1
-1
-1
-1
-1
-1
-1
-1
-1
-1
-1
-1
-1
-1
-1
-1
-1
-1
-1
-1
-1
-1
-1
-1
-1
-1
-1
-1
-1
-1
-1
-1
-1
-1
-1
-1
-1
-1
-1
-1
-1
-1
-1
-1
-1
-1
-1
-1
-1
-1
-1
-1
-1
-1
-1
-1
-1
-1
-1
-1
-1
-1
-1
-1
-1
-1
-1
-1
-1
-1
-1
0.493398
0.452391
0.434079
0.421189
0.41111
0.402815
0.395777
0.389681
0.384324
0.379567
0.375308
0.371471
0.367998
0.364843
0.36197
0.359347
0.356952
0.354762
0.352762
0.350935
0.34927
0.347757
0.346385
0.345147
0.344036
0.343046
0.342173
0.341412
0.340759
0.340211
0.339767
0.339423
0.339178
0.339032
0.338983
0.339032
0.339178
0.339423
0.339767
0.340211
0.340759
0.341412
0.342173
0.343046
0.344036
0.345147
0.346385
0.347757
0.34927
0.350935
0.352762
0.354762
0.356952
0.359347
0.36197
0.364843
0.367998
0.371471
0.375308
0.379567
0.384324
0.389681
0.395777
0.402815
0.41111
0.421188
0.434079
0.452391
0.493399
-1
-1
-1
-1
-1
-1
-1
-1
-1
-1
-1
-1
-1
-1
-1
-1
-1
-1
-1
-1
-1
-1
-1
-1
-1
-1
-1
-1
-1
-1
-1
-1
-1
-1
-1
-1
-1
-1
-1
-1
-1
-1
-1
-1
-1
-1
-1
-1
-1
-1
-1
-1
-1
-1
-1
-1
-1
-1
-1
-1
-1
-1
-1
-1
-1
-1
-1
-1
-1
-1
-1
-1
-1
-1
-1
-1
-1
-1
-1
-1
-1
-1
-1
-1
-1
-1
-1
-1
-1
-1
-1
-1
-1
-1
-1
-1
-1
-1
-1
-1
-1
-1
-1
-1
-1
-1
-1
-1
-1
-1
-1
-1
-1
-1
-1
-1
-1
-1
-1
-1
-1
-1
-1
-1
-1
-1
-1
-1
-1
-1
-1
0.456311
0.434002
0.419644
0.408784
0.4
0.392625
0.386282
0.380735
0.375826
0.371441
0.367497
0.363931
0.360693
0.357744
0.355051
0.352589
0.350336
0.348274
0.346387
0.344663
0.343089
0.341657
0.340358
0.339185
0.338132
0.337193
0.336364
0.335641
0.335021
0.334501
0.334078
0.333751
0.333519
0.33338
0.333333
0.33338
0.333519
0.333751
0.334078
0.334501
0.335021
0.335641
0.336364
0.337193
0.338132
0.339185
0.340358
0.341657
0.343089
0.344663
0.346387
0.348274
0.350336
0.352589
0.355051
0.357744
0.360693
0.363931
0.367497
0.371441
0.375826
0.380735
0.386282
0.392625
0.4
0.408784
0.419644
0.434002
0.456312
-1
-1
-1
-1
-1
-1
-1
-1
-1
-1
-1
-1
-1
-1
-1
-1
-1
-1
-1
-1
-1
-1
-1
-1
-1
-1
-1
-1
-1
-1
-1
-1
-1
-1
-1
-1
-1
-1
-1
-1
-1
-1
-1
-1
-1
-1
-1
-1
-1
-1
-1
-1
-1
-1
-1
-1
-1
-1
-1
-1
-1
-1
-1
-1
-1
-1
-1
-1
-1
-1
-1
-1
-1
-1
-1
-1
-1
-1
-1
-1
-1
-1
-1
-1
-1
-1
-1
-1
-1
-1
-1
-1
-1
-1
-1
-1
-1
-1
-1
-1
-1
-1
-1
-1
-1
-1
-1
-1
-1
-1
-1
-1
-1
-1
-1
-1
-1
-1
-1
-1
-1
-1
-1
-1
-1
-1
-1
-1
-1
-1
0.465902
0.435079
0.418681
0.406847
0.397487
0.389729
0.383112
0.377358
0.372286
0.367769
0.363713
0.360051
0.356728
0.353703
0.35094
0.348413
0.346098
0.343976
0.342031
0.340249
0.338618
0.337129
0.335773
0.334542
0.333429
0.33243
0.331538
0.330751
0.330064
0.329474
0.32898
0.328578
0.328267
0.328045
0.327913
0.327869
0.327913
0.328045
0.328267
0.328578
0.32898
0.329474
0.330064
0.330751
0.331538
0.33243
0.333429
0.334542
0.335773
0.337129
0.338618
0.340249
0.342031
0.343976
0.346098
0.348413
0.35094
0.353703
0.356728
0.360051
0.363713
0.367769
0.372286
0.377358
0.383112
0.389729
0.397487
0.406847
0.418681
0.435079
0.465902
-1
-1
-1
-1
-1
-1
-1
-1
-1
-1
-1
-1
-1
-1
-1
-1
-1
-1
-1
-1
-1
-1
-1
-1
-1
-1
-1
-1
-1
-1
-1
-1
-1
-1
-1
-1
-1
-1
-1
-1
-1
-1
-1
-1
-1
-1
-1
-1
-1
-1
-1
-1
-1
-1
-1
-1
-1
-1
-1
-1
-1
-1
-1
-1
-1
-1
-1
-1
-1
-1
-1
-1
-1
-1
-1
-1
-1
-1
-1
-1
-1
-1
-1
-1
-1
-1
-1
-1
-1
-1
-1
-1
-1
-1
-1
-1
-1
-1
-1
-1
-1
-1
-1
-1
-1
-1
-1
-1
-1
-1
-1
-1
-1
-1
-1
-1
-1
-1
-1
-1
-1
-1
-1
-1
-1
-1
-1
-1
-1
0.437956
0.418437
0.405348
0.395296
0.387097
0.380173
0.374192
0.368944
0.364285
0.360113
0.356351
0.352941
0.349838
0.347005
0.344413
0.342037
0.339856
0.337855
0.336018
0.334333
0.33279
0.331379
0.330093
0.328925
0.327869
0.326919
0.326072
0.325324
0.32467
0.324109
0.323638
0.323256
0.322959
0.322749
0.322623
0.322581
0.322623
0.322749
0.322959
0.323256
0.323638
0.324109
0.32467
0.325324
0.326072
0.326919
0.327869
0.328925
0.330093
0.331379
0.33279
0.334333
0.336018
0.337855
0.339856
0.342037
0.344413
0.347005
0.349838
0.352941
0.356351
0.360113
0.364285
0.368944
0.374192
0.380173
0.387097
0.395296
0.405348
0.418437
0.437956
-1
-1
-1
-1
-1
-1
-1
-1
-1
-1
-1
-1
-1
-1
-1
-1
-1
-1
-1
-1
-1
-1
-1
-1
-1
-1
-1
-1
-1
-1
-1
-1
-1
-1
-1
-1
-1
-1
-1
-1
-1
-1
-1
-1
-1
-1
-1
-1
-1
-1
-1
-1
-1
-1
-1
-1
-1
-1
-1
-1
-1
-1
-1
-1
-1
-1
-1
-1
-1
-1
-1
-1
-1
-1
-1
-1
-1
-1
-1
-1
-1
-1
-1
-1
-1
-1
-1
-1
-1
-1
-1
-1
-1
-1
-1
-1
-1
-1
-1
-1
-1
-1
-1
-1
-1
-1
-1
-1
-1
-1
-1
-1
-1
-1
-1
-1
-1
-1
-1
-1
-1
-1
-1
-1
-1
-1
-1
-1
0.444444
0.419151
0.404359
0.393455
0.384739
0.377466
0.371234
0.365795
0.360985
0.356689
0.352823
0.349324
0.346142
0.343238
0.340581
0.338144
0.335906
0.33385
0.33196
0.330223
0.328628
0.327166
0.325828
0.324607
0.323498
0.322494
0.321591
0.320785
0.320073
0.319451
0.318917
0.318468
0.318103
0.317821
0.31762
0.3175
0.31746
0.3175
0.31762
0.317821
0.318103
0.318468
0.318917
0.319451
0.320073
0.320785
0.321591
0.322494
0.323498
0.324607
0.325828
0.327166
0.328628
0.330223
0.33196
0.33385
0.335906
0.338144
0.340581
0.343238
0.346142
0.349324
0.352823
0.356689
0.360985
0.365795
0.371234
0.377466
0.384739
0.393455
0.404359
0.419151
0.444444
-1
-1
-1
-1
-1
-1
-1
-1
-1
-1
-1
-1
-1
-1
-1
-1
-1
-1
-1
-1
-1
-1
-1
-1
-1
-1
-1
-1
-1
-1
-1
-1
-1
-1
-1
-1
-1
-1
-1
-1
-1
-1
-1
-1
-1
-1
-1
-1
-1
-1
-1
-1
-1
-1
-1
-1
-1
-1
-1
-1
-1
-1
-1
-1
-1
-1
-1
-1
-1
-1
-1
-1
-1
-1
-1
-1
-1
-1
-1
-1
-1
-1
-1
-1
-1
-1
-1
-1
-1
-1
-1
-1
-1
-1
-1
-1
-1
-1
-1
-1
-1
-1
-1
-1
-1
-1
-1
-1
-1
-1
-1
-1
-1
-1
-1
-1
-1
-1
-1
-1
-1
-1
-1
-1
-1
-1
-1
0.421283
0.403991
0.392003
0.382672
0.375
0.368487
0.362838
0.357865
0.353438
0.349463
0.345871
0.342608
0.339631
0.336908
0.334411
0.332117
0.330007
0.328065
0.326277
0.324633
0.323121
0.321734
0.320464
0.319305
0.31825
0.317295
0.316436
0.315669
0.31499
0.314398
0.313889
0.313461
0.313113
0.312844
0.312653
0.312538
0.3125
0.312538
0.312653
0.312844
0.313113
0.313461
0.313889
0.314398
0.31499
0.315669
0.316436
0.317295
0.31825
0.319305
0.320464
0.321734
0.323121
0.324633
0.326277
0.328065
0.330007
0.332117
0.334411
0.336908
0.339631
0.342608
0.345871
0.349463
0.353438
0.357865
0.362838
0.368487
0.375
0.382672
0.392003
0.403991
0.421283
-1
-1
-1
-1
-1
-1
-1
-1
-1
-1
-1
-1
-1
-1
-1
-1
-1
-1
-1
-1
-1
-1
-1
-1
-1
-1
-1
-1
-1
-1
-1
-1
-1
-1
-1
-1
-1
-1
-1
-1
-1
-1
-1
-1
-1
-1
-1
-1
-1
-1
-1
-1
-1
-1
-1
-1
-1
-1
-1
-1
-1
-1
-1
-1
-1
-1
-1
-1
-1
-1
-1
-1
-1
-1
-1
-1
-1
-1
-1
-1
-1
-1
-1
-1
-1
-1
-1
-1
-1
-1
-1
-1
-1
-1
-1
-1
-1
-1
-1
-1
-1
-1
-1
-1
-1
-1
-1
-1
-1
-1
-1
-1
-1
-1
-1
-1
-1
-1
-1
-1
-1
-1
-1
-1
-1
-1
0.425946
0.404428
0.391002
0.380919
0.372783
0.365952
0.360072
0.354922
0.350354
0.346264
0.342575
0.339228
0.336178
0.333389
0.330831
0.32848
0.326317
0.324324
0.322488
0.320795
0.319237
0.317803
0.316486
0.315279
0.314177
0.313173
0.312264
0.311446
0.310715
0.310068
0.309503
0.309017
0.308609
0.308278
0.308021
0.307838
0.307729
0.307692
0.307729
0.307838
0.308021
0.308278
0.308609
0.309017
0.309503
0.310068
0.310715
0.311446
0.312264
0.313173
0.314177
0.315279
0.316486
0.317803
0.319237
0.320795
0.322488
0.324324
0.326317
0.32848
0.330831
0.333389
0.336178
0.339228
0.342575
0.346264
0.350354
0.354922
0.360072
0.365952
0.372783
0.38092
0.391002
0.404428
0.425946
-1
-1
-1
-1
-1
-1
-1
-1
-1
-1
-1
-1
-1
-1
-1
-1
-1
-1
-1
-1
-1
-1
-1
-1
-1
-1
-1
-1
-1
-1
-1
-1
-1
-1
-1
-1
-1
-1
-1
-1
-1
-1
-1
-1
-1
-1
-1
-1
-1
-1
-1
-1
-1
-1
-1
-1
-1
-1
-1
-1
-1
-1
-1
-1
-1
-1
-1
-1
-1
-1
-1
-1
-1
-1
-1
-1
-1
-1
-1
-1
-1
-1
-1
-1
-1
-1
-1
-1
-1
-1
-1
-1
-1
-1
-1
-1
-1
-1
-1
-1
-1
-1
-1
-1
-1
-1
-1
-1
-1
-1
-1
-1
-1
-1
-1
-1
-1
-1
-1
-1
-1
-1
-1
-1
0.43828
0.40601
0.39054
0.379516
0.37083
0.363636
0.357498
0.352155
0.347435
0.343223
0.339432
0.335998
0.332872
0.330016
0.327397
0.32499
0.322774
0.320731
0.318847
0.317108
0.315504
0.314025
0.312663
0.311411
0.310264
0.309214
0.308258
0.307393
0.306613
0.305915
0.305298
0.304759
0.304296
0.303906
0.303589
0.303344
0.30317
0.303065
0.30303
0.303065
0.30317
0.303344
0.303589
0.303906
0.304296
0.304759
0.305298
0.305915
0.306613
0.307393
0.308258
0.309214
0.310264
0.311411
0.312663
0.314025
0.315504
0.317108
0.318847
0.320731
0.322774
0.32499
0.327397
0.330016
0.332872
0.335998
0.339432
0.343223
0.347435
0.352155
0.357498
0.363636
0.37083
0.379516
0.39054
0.40601
0.43828
-1
-1
-1
-1
-1
-1
-1
-1
-1
-1
-1
-1
-1
-1
-1
-1
-1
-1
-1
-1
-1
-1
-1
-1
-1
-1
-1
-1
-1
-1
-1
-1
-1
-1
-1
-1
-1
-1
-1
-1
-1
-1
-1
-1
-1
-1
-1
-1
-1
-1
-1
-1
-1
-1
-1
-1
-1
-1
-1
-1
-1
-1
-1
-1
-1
-1
-1
-1
-1
-1
-1
-1
-1
-1
-1
-1
-1
-1
-1
-1
-1
-1
-1
-1
-1
-1
-1
-1
-1
-1
-1
-1
-1
-1
-1
-1
-1
-1
-1
-1
-1
-1
-1
-1
-1
-1
-1
-1
-1
-1
-1
-1
-1
-1
-1
-1
-1
-1
-1
-1
-1
-1
-1
0.409473
0.390765
0.378512
0.369161
0.361548
0.35512
0.349563
0.344679
0.340336
0.336437
0.332912
0.329708
0.326782
0.324101
0.321638
0.319369
0.317277
0.315346
0.313562
0.311914
0.310391
0.308987
0.307692
0.306502
0.305409
0.304409
0.303499
0.302673
0.301929
0.301263
0.300674
0.300159
0.299717
0.299345
0.299042
0.298807
0.298641
0.298541
0.298507
0.298541
0.298641
0.298807
0.299042
0.299345
0.299717
0.300159
0.300674
0.301263
0.301929
0.302673
0.303499
0.304409
0.305409
0.306502
0.307692
0.308987
0.310391
0.311914
0.313562
0.315346
0.317277
0.319369
0.321638
0.324101
0.326782
0.329708
0.332912
0.336437
0.340336
0.344679
0.349563
0.35512
0.361548
0.369161
0.378512
0.390765
0.409473
-1
-1
-1
-1
-1
-1
-1
-1
-1
-1
-1
-1
-1
-1
-1
-1
-1
-1
-1
-1
-1
-1
-1
-1
-1
-1
-1
-1
-1
-1
-1
-1
-1
-1
-1
-1
-1
-1
-1
-1
-1
-1
-1
-1
-1
-1
-1
-1
-1
-1
-1
-1
-1
-1
-1
-1
-1
-1
-1
-1
-1
-1
-1
-1
-1
-1
-1
-1
-1
-1
-1
-1
-1
-1
-1
-1
-1
-1
-1
-1
-1
-1
-1
-1
-1
-1
-1
-1
-1
-1
-1
-1
-1
-1
-1
-1
-1
-1
-1
-1
-1
-1
-1
-1
-1
-1
-1
-1
-1
-1
-1
-1
-1
-1
-1
-1
-1
-1
-1
-1
-1
-1
0.417216
0.391931
0.377982
0.367806
0.3597
0.352941
0.347147
0.342084
0.3376
0.333586
0.329966
0.326681
0.323684
0.32094
0.318419
0.316098
0.313957
0.311979
0.310151
0.30846
0.306895
0.30545
0.304114
0.302882
0.301749
0.300707
0.299754
0.298886
0.298098
0.297387
0.296752
0.296189
0.295697
0.295274
0.294918
0.294629
0.294405
0.294245
0.294149
0.294118
0.294149
0.294245
0.294405
0.294629
0.294918
0.295274
0.295697
0.296189
0.296752
0.297387
0.298098
0.298886
0.299754
0.300707
0.301749
0.302882
0.304114
0.30545
0.306895
0.30846
0.310151
0.311979
0.313957
0.316098
0.318419
0.32094
0.323684
0.326681
0.329966
0.333586
0.3376
0.342084
0.347147
0.352941
0.3597
0.367806
0.377982
0.391931
0.417216
-1
-1
-1
-1
-1
-1
-1
-1
-1
-1
-1
-1
-1
-1
-1
-1
-1
-1
-1
-1
-1
-1
-1
-1
-1
-1
-1
-1
-1
-1
-1
-1
-1
-1
-1
-1
-1
-1
-1
-1
-1
-1
-1
-1
-1
-1
-1
-1
-1
-1
-1
-1
-1
-1
-1
-1
-1
-1
-1
-1
-1
-1
-1
-1
-1
-1
-1
-1
-1
-1
-1
-1
-1
-1
-1
-1
-1
-1
-1
-1
-1
-1
-1
-1
-1
-1
-1
-1
-1
-1
-1
-1
-1
-1
-1
-1
-1
-1
-1
-1
-1
-1
-1
-1
-1
-1
-1
-1
-1
-1
-1
-1
-1
-1
-1
-1
-1
-1
-1
-1
-1
0.394552
0.378043
0.366808
0.358109
0.350971
0.34491
0.33965
0.335013
0.330878
0.327157
0.323786
0.320716
0.317907
0.315328
0.312954
0.310764
0.30874
0.306868
0.305135
0.30353
0.302044
0.300669
0.299398
0.298225
0.297145
0.296152
0.295243
0.294413
0.293661
0.292982
0.292375
0.291837
0.291366
0.290961
0.290621
0.290344
0.29013
0.289977
0.289886
0.289855
0.289886
0.289977
0.29013
0.290344
0.290621
0.290961
0.291366
0.291837
0.292375
0.292982
0.293661
0.294413
0.295243
0.296152
0.297145
0.298225
0.299398
0.300669
0.302044
0.30353
0.305135
0.306868
0.30874
0.310764
0.312954
0.315328
0.317907
0.320716
0.323786
0.327157
0.330878
0.335013
0.33965
0.34491
0.350971
0.358109
0.366808
0.378043
0.394552
-1
-1
-1
-1
-1
-1
-1
-1
-1
-1
-1
-1
-1
-1
-1
-1
-1
-1
-1
-1
-1
-1
-1
-1
-1
-1
-1
-1
-1
-1
-1
-1
-1
-1
-1
-1
-1
-1
-1
-1
-1
-1
-1
-1
-1
-1
-1
-1
-1
-1
-1
-1
-1
-1
-1
-1
-1
-1
-1
-1
-1
-1
-1
-1
-1
-1
-1
-1
-1
-1
-1
-1
-1
-1
-1
-1
-1
-1
-1
-1
-1
-1
-1
-1
-1
-1
-1
-1
-1
-1
-1
-1
-1
-1
-1
-1
-1
-1
-1
-1
-1
-1
-1
-1
-1
-1
-1
-1
-1
-1
-1
-1
-1
-1
-1
-1
-1
-1
-1
-1
0.4
0.378889
0.366227
0.356802
0.349219
0.342857
0.337379
0.332575
0.328308
0.32448
0.32102
0.317873
0.314997
0.312359
0.309932
0.307692
0.305623
0.303707
0.301933
0.300288
0.298764
0.297351
0.296042
0.294832
0.293714
0.292683
0.291735
0.290867
0.290075
0.289356
0.288707
0.288126
0.287611
0.287161
0.286774
0.286448
0.286183
0.285977
0.285831
0.285743
0.285714
0.285743
0.285831
0.285977
0.286183
0.286448
0.286774
0.287161
0.287611
0.288126
0.288707
0.289356
0.290075
0.290867
0.291735
0.292683
0.293714
0.294832
0.296042
0.297351
0.298764
0.300288
0.301933
0.303707
0.305623
0.307692
0.309932
0.312359
0.314997
0.317873
0.32102
0.32448
0.328308
0.332575
0.337379
0.342857
0.349219
0.356802
0.366227
0.378889
0.4
-1
-1
-1
-1
-1
-1
-1
-1
-1
-1
-1
-1
-1
-1
-1
-1
-1
-1
-1
-1
-1
-1
-1
-1
-1
-1
-1
-1
-1
-1
-1
-1
-1
-1
-1
-1
-1
-1
-1
-1
-1
-1
-1
-1
-1
-1
-1
-1
-1
-1
-1
-1
-1
-1
-1
-1
-1
-1
-1
-1
-1
-1
-1
-1
-1
-1
-1
-1
-1
-1
-1
-1
-1
-1
-1
-1
-1
-1
-1
-1
-1
-1
-1
-1
-1
-1
-1
-1
-1
-1
-1
-1
-1
-1
-1
-1
-1
-1
-1
-1
-1
-1
-1
-1
-1
-1
-1
-1
-1
-1
-1
-1
-1
-1
-1
-1
-1
-1
-1
0.380894
0.366159
0.355815
0.347702
0.340995
0.335272
0.330285
0.325876
0.321934
0.31838
0.315153
0.312208
0.309509
0.307027
0.304737
0.302622
0.300663
0.298848
0.297165
0.295602
0.294153
0.292808
0.291561
0.290407
0.28934
0.288357
0.287452
0.286622
0.285865
0.285177
0.284556
0.284
0.283507
0.283076
0.282705
0.282393
0.282139
0.281942
0.281802
0.281718
0.28169
0.281718
0.281802
0.281942
0.282139
0.282393
0.282705
0.283076
0.283507
0.284
0.284556
0.285177
0.285865
0.286622
0.287452
0.288357
0.28934
0.290407
0.291561
0.292808
0.294153
0.295602
0.297165
0.298848
0.300663
0.302622
0.304737
0.307027
0.309509
0.312208
0.315153
0.31838
0.321934
0.325876
0.330285
0.335272
0.340995
0.347702
0.355815
0.366159
0.380894
-1
-1
-1
-1
-1
-1
-1
-1
-1
-1
-1
-1
-1
-1
-1
-1
-1
-1
-1
-1
-1
-1
-1
-1
-1
-1
-1
-1
-1
-1
-1
-1
-1
-1
-1
-1
-1
-1
-1
-1
-1
-1
-1
-1
-1
-1
-1
-1
-1
-1
-1
-1
-1
-1
-1
-1
-1
-1
-1
-1
-1
-1
-1
-1
-1
-1
-1
-1
-1
-1
-1
-1
-1
-1
-1
-1
-1
-1
-1
-1
-1
-1
-1
-1
-1
-1
-1
-1
-1
-1
-1
-1
-1
-1
-1
-1
-1
-1
-1
-1
-1
-1
-1
-1
-1
-1
-1
-1
-1
-1
-1
-1
-1
-1
-1
-1
-1
-1
0.384926
0.366757
0.355198
0.346442
0.339333
0.333333
0.328145
0.323582
0.319517
0.315862
0.312551
0.309534
0.306772
0.304234
0.301895
0.299733
0.297731
0.295876
0.294154
0.292554
0.291069
0.289689
0.288407
0.287219
0.286118
0.285099
0.284159
0.283294
0.282501
0.281776
0.281118
0.280524
0.279991
0.279519
0.279106
0.278751
0.278452
0.278208
0.278019
0.277885
0.277805
0.277778
0.277805
0.277885
0.278019
0.278208
0.278452
0.278751
0.279106
0.279519
0.279991
0.280524
0.281118
0.281776
0.282501
0.283294
0.284159
0.285099
0.286118
0.287219
0.288407
0.289689
0.291069
0.292554
0.294154
0.295876
0.297731
0.299733
0.301895
0.304234
0.306772
0.309534
0.312551
0.315862
0.319517
0.323582
0.328145
0.333333
0.339333
0.346442
0.355198
0.366757
0.384925
-1
-1
-1
-1
-1
-1
-1
-1
-1
-1
-1
-1
-1
-1
-1
-1
-1
-1
-1
-1
-1
-1
-1
-1
-1
-1
-1
-1
-1
-1
-1
-1
-1
-1
-1
-1
-1
-1
-1
-1
-1
-1
-1
-1
-1
-1
-1
-1
-1
-1
-1
-1
-1
-1
-1
-1
-1
-1
-1
-1
-1
-1
-1
-1
-1
-1
-1
-1
-1
-1
-1
-1
-1
-1
-1
-1
-1
-1
-1
-1
-1
-1
-1
-1
-1
-1
-1
-1
-1
-1
-1
-1
-1
-1
-1
-1
-1
-1
-1
-1
-1
-1
-1
-1
-1
-1
-1
-1
-1
-1
-1
-1
-1
-1
-1
-1
0.394522
0.368298
0.35503
0.345469
0.337885
0.33157
0.326157
0.321424
0.317226
0.313465
0.310065
0.306973
0.304146
0.30155
0.299159
0.296951
0.294906
0.293011
0.29125
0.289615
0.288094
0.28668
0.285365
0.284143
0.283009
0.281957
0.280984
0.280086
0.279258
0.278499
0.277805
0.277175
0.276605
0.276095
0.275643
0.275247
0.274906
0.274619
0.274385
0.274204
0.274076
0.273998
0.273973
0.273998
0.274076
0.274204
0.274385
0.274619
0.274906
0.275247
0.275643
0.276095
0.276605
0.277175
0.277805
0.278499
0.279258
0.280086
0.280984
0.281957
0.283009
0.284143
0.285365
0.28668
0.288094
0.289615
0.29125
0.293011
0.294907
0.296951
0.299159
0.30155
0.304146
0.306973
0.310065
0.313465
0.317227
0.321424
0.326157
0.33157
0.337885
0.345469
0.35503
0.368298
0.394522
-1
-1
-1
-1
-1
-1
-1
-1
-1
-1
-1
-1
-1
-1
-1
-1
-1
-1
-1
-1
-1
-1
-1
-1
-1
-1
-1
-1
-1
-1
-1
-1
-1
-1
-1
-1
-1
-1
-1
-1
-1
-1
-1
-1
-1
-1
-1
-1
-1
-1
-1
-1
-1
-1
-1
-1
-1
-1
-1
-1
-1
-1
-1
-1
-1
-1
-1
-1
-1
-1
-1
-1
-1
-1
-1
-1
-1
-1
-1
-1
-1
-1
-1
-1
-1
-1
-1
-1
-1
-1
-1
-1
-1
-1
-1
-1
-1
-1
-1
-1
-1
-1
-1
-1
-1
-1
-1
-1
-1
-1
-1
-1
-1
-1
-1
0.371368
0.355432
0.344828
0.33667
0.329991
0.324324
0.319404
0.315063
0.311186
0.307692
0.304521
0.301627
0.298972
0.296528
0.294272
0.292184
0.290248
0.28845
0.286778
0.285223
0.283775
0.282428
0.281174
0.280008
0.278925
0.27792
0.276989
0.27613
0.275338
0.274611
0.273946
0.273342
0.272796
0.272307
0.271873
0.271493
0.271166
0.270891
0.270667
0.270493
0.270369
0.270295
0.27027
0.270295
0.270369
0.270493
0.270667
0.270891
0.271166
0.271493
0.271873
0.272307
0.272796
0.273342
0.273946
0.274611
0.275338
0.27613
0.276989
0.27792
0.278925
0.280008
0.281174
0.282428
0.283775
0.285223
0.286778
0.28845
0.290248
0.292184
0.294272
0.296528
0.298972
0.301626
0.304521
0.307692
0.311186
0.315063
0.319404
0.324324
0.329991
0.33667
0.344828
0.355432
0.371368
-1
-1
-1
-1
-1
-1
-1
-1
-1
-1
-1
-1
-1
-1
-1
-1
-1
-1
-1
-1
-1
-1
-1
-1
-1
-1
-1
-1
-1
-1
-1
-1
-1
-1
-1
-1
-1
-1
-1
-1
-1
-1
-1
-1
-1
-1
-1
-1
-1
-1
-1
-1
-1
-1
-1
-1
-1
-1
-1
-1
-1
-1
-1
-1
-1
-1
-1
-1
-1
-1
-1
-1
-1
-1
-1
-1
-1
-1
-1
-1
-1
-1
-1
-1
-1
-1
-1
-1
-1
-1
-1
-1
-1
-1
-1
-1
-1
-1
-1
-1
-1
-1
-1
-1
-1
-1
-1
-1
-1
-1
-1
-1
-1
-1
0.377758
0.356616
0.344581
0.335715
0.328608
0.322653
0.317525
0.313026
0.309025
0.305431
0.302177
0.299211
0.296495
0.293998
0.291693
0.289561
0.287584
0.285748
0.284041
0.282451
0.280971
0.279592
0.278307
0.27711
0.275996
0.274961
0.274
0.273109
0.272286
0.271528
0.270831
0.270194
0.269615
0.269091
0.268622
0.268206
0.267841
0.267527
0.267263
0.267047
0.26688
0.266762
0.26669
0.266667
0.26669
0.266762
0.26688
0.267047
0.267263
0.267527
0.267841
0.268206
0.268622
0.269091
0.269615
0.270194
0.270831
0.271528
0.272286
0.273109
0.274
0.274961
0.275996
0.27711
0.278307
0.279592
0.280971
0.282451
0.284041
0.285748
0.287584
0.289561
0.291693
0.293998
0.296495
0.299211
0.302177
0.305431
0.309025
0.313026
0.317525
0.322653
0.328608
0.335715
0.344581
0.356616
0.377758
-1
-1
-1
-1
-1
-1
-1
-1
-1
-1
-1
-1
-1
-1
-1
-1
-1
-1
-1
-1
-1
-1
-1
-1
-1
-1
-1
-1
-1
-1
-1
-1
-1
-1
-1
-1
-1
-1
-1
-1
-1
-1
-1
-1
-1
-1
-1
-1
-1
-1
-1
-1
-1
-1
-1
-1
-1
-1
-1
-1
-1
-1
-1
-1
-1
-1
-1
-1
-1
-1
-1
-1
-1
-1
-1
-1
-1
-1
-1
-1
-1
-1
-1
-1
-1
-1
-1
-1
-1
-1
-1
-1
-1
-1
-1
-1
-1
-1
-1
-1
-1
-1
-1
-1
-1
-1
-1
-1
-1
-1
-1
-1
-1
0.358996
0.344828
0.335057
0.327438
0.321151
0.315789
0.311117
0.306982
0.30328
0.299938
0.296898
0.294118
0.291564
0.28921
0.287033
0.285015
0.283141
0.281398
0.279775
0.278262
0.276852
0.275536
0.27431
0.273167
0.272102
0.271112
0.270192
0.269339
0.268551
0.267824
0.267156
0.266545
0.265989
0.265487
0.265036
0.264636
0.264286
0.263984
0.26373
0.263524
0.263363
0.263249
0.263181
0.263158
0.263181
0.263249
0.263363
0.263524
0.26373
0.263984
0.264286
0.264636
0.265036
0.265487
0.265989
0.266545
0.267156
0.267824
0.268551
0.269339
0.270192
0.271112
0.272102
0.273167
0.27431
0.275536
0.276852
0.278262
0.279775
0.281398
0.283141
0.285015
0.287033
0.28921
0.291564
0.294118
0.296898
0.299938
0.30328
0.306982
0.311117
0.315789
0.321151
0.327438
0.335057
0.344828
0.358996
-1
-1
-1
-1
-1
-1
-1
-1
-1
-1
-1
-1
-1
-1
-1
-1
-1
-1
-1
-1
-1
-1
-1
-1
-1
-1
-1
-1
-1
-1
-1
-1
-1
-1
-1
-1
-1
-1
-1
-1
-1
-1
-1
-1
-1
-1
-1
-1
-1
-1
-1
-1
-1
-1
-1
-1
-1
-1
-1
-1
-1
-1
-1
-1
-1
-1
-1
-1
-1
-1
-1
-1
-1
-1
-1
-1
-1
-1
-1
-1
-1
-1
-1
-1
-1
-1
-1
-1
-1
-1
-1
-1
-1
-1
-1
-1
-1
-1
-1
-1
-1
-1
-1
-1
-1
-1
-1
-1
-1
-1
-1
-1
0.363636
0.345732
0.334749
0.326503
0.319828
0.314203
0.309338
0.305056
0.301239
0.297802
0.294683
0.291837
0.289225
0.28682
0.284597
0.282538
0.280626
0.278847
0.27719
0.275645
0.274204
0.272859
0.271603
0.270432
0.269339
0.26832
0.267373
0.266492
0.265675
0.264919
0.264222
0.263581
0.262994
0.262461
0.261978
0.261546
0.261161
0.260825
0.260535
0.260291
0.260092
0.259938
0.259828
0.259762
0.25974
0.259762
0.259828
0.259938
0.260092
0.260291
0.260535
0.260825
0.261161
0.261546
0.261978
0.262461
0.262994
0.263581
0.264222
0.264919
0.265675
0.266492
0.267373
0.26832
0.269339
0.270432
0.271603
0.272859
0.274204
0.275645
0.27719
0.278847
0.280626
0.282538
0.284597
0.28682
0.289225
0.291837
0.294683
0.297802
0.301239
0.305056
0.309338
0.314203
0.319828
0.326503
0.334749
0.345732
0.363637
-1
-1
-1
-1
-1
-1
-1
-1
-1
-1
-1
-1
-1
-1
-1
-1
-1
-1
-1
-1
-1
-1
-1
-1
-1
-1
-1
-1
-1
-1
-1
-1
-1
-1
-1
-1
-1
-1
-1
-1
-1
-1
-1
-1
-1
-1
-1
-1
-1
-1
-1
-1
-1
-1
-1
-1
-1
-1
-1
-1
-1
-1
-1
-1
-1
-1
-1
-1
-1
-1
-1
-1
-1
-1
-1
-1
-1
-1
-1
-1
-1
-1
-1
-1
-1
-1
-1
-1
-1
-1
-1
-1
-1
-1
-1
-1
-1
-1
-1
-1
-1
-1
-1
-1
-1
-1
-1
-1
-1
-1
0.377359
0.347598
0.334871
0.325835
0.3187
0.312772
0.307692
0.30325
0.299306
0.295768
0.292567
0.28965
0.286978
0.28452
0.28225
0.280148
0.278198
0.276383
0.274693
0.273116
0.271645
0.27027
0.268986
0.267787
0.266667
0.265621
0.264646
0.263738
0.262894
0.262111
0.261386
0.260716
0.260101
0.259538
0.259026
0.258562
0.258146
0.257777
0.257453
0.257175
0.25694
0.256749
0.2566
0.256495
0.256431
0.25641
0.256431
0.256495
0.2566
0.256749
0.25694
0.257175
0.257453
0.257777
0.258146
0.258562
0.259026
0.259538
0.260101
0.260716
0.261386
0.262111
0.262894
0.263738
0.264646
0.265621
0.266667
0.267787
0.268986
0.27027
0.271645
0.273116
0.274693
0.276383
0.278197
0.280148
0.28225
0.28452
0.286978
0.28965
0.292567
0.295768
0.299306
0.30325
0.307692
0.312772
0.3187
0.325835
0.334871
0.347598
0.377359
-1
-1
-1
-1
-1
-1
-1
-1
-1
-1
-1
-1
-1
-1
-1
-1
-1
-1
-1
-1
-1
-1
-1
-1
-1
-1
-1
-1
-1
-1
-1
-1
-1
-1
-1
-1
-1
-1
-1
-1
-1
-1
-1
-1
-1
-1
-1
-1
-1
-1
-1
-1
-1
-1
-1
-1
-1
-1
-1
-1
-1
-1
-1
-1
-1
-1
-1
-1
-1
-1
-1
-1
-1
-1
-1
-1
-1
-1
-1
-1
-1
-1
-1
-1
-1
-1
-1
-1
-1
-1
-1
-1
-1
-1
-1
-1
-1
-1
-1
-1
-1
-1
-1
-1
-1
-1
-1
-1
-1
0.351115
0.335554
0.325479
0.317787
0.311507
0.306184
0.301563
0.297483
0.293836
0.290546
0.287555
0.28482
0.282307
0.279989
0.277844
0.275854
0.274003
0.272279
0.270671
0.26917
0.267767
0.266455
0.265228
0.264081
0.26301
0.262009
0.261075
0.260205
0.259395
0.258643
0.257947
0.257305
0.256714
0.256173
0.25568
0.255235
0.254835
0.25448
0.254168
0.2539
0.253674
0.25349
0.253347
0.253246
0.253185
0.253165
0.253185
0.253246
0.253347
0.25349
0.253674
0.2539
0.254168
0.25448
0.254835
0.255235
0.25568
0.256173
0.256714
0.257305
0.257947
0.258643
0.259395
0.260204
0.261075
0.262009
0.26301
0.264081
0.265228
0.266455
0.267767
0.26917
0.270671
0.272279
0.274003
0.275854
0.277844
0.279989
0.282307
0.28482
0.287555
0.290546
0.293836
0.297483
0.301563
0.306184
0.311507
0.317787
0.325479
0.335554
0.351115
-1
-1
-1
-1
-1
-1
-1
-1
-1
-1
-1
-1
-1
-1
-1
-1
-1
-1
-1
-1
-1
-1
-1
-1
-1
-1
-1
-1
-1
-1
-1
-1
-1
-1
-1
-1
-1
-1
-1
-1
-1
-1
-1
-1
-1
-1
-1
-1
-1
-1
-1
-1
-1
-1
-1
-1
-1
-1
-1
-1
-1
-1
-1
-1
-1
-1
-1
-1
-1
-1
-1
-1
-1
-1
-1
-1
-1
-1
-1
-1
-1
-1
-1
-1
-1
-1
-1
-1
-1
-1
-1
-1
-1
-1
-1
-1
-1
-1
-1
-1
-1
-1
-1
-1
-1
-1
-1
-1
0.358828
0.337026
0.325501
0.317114
0.31042
0.30482
0.3
0.29577
0.292006
0.288621
0.285551
0.28275
0.28018
0.277812
0.275623
0.273592
0.271705
0.269947
0.268308
0.266776
0.265345
0.264005
0.262752
0.261579
0.260482
0.259456
0.258497
0.257602
0.256767
0.25599
0.255268
0.2546
0.253983
0.253415
0.252895
0.252421
0.251992
0.251608
0.251266
0.250966
0.250708
0.250491
0.250313
0.250176
0.250078
0.25002
0.25
0.25002
0.250078
0.250176
0.250313
0.250491
0.250708
0.250966
0.251266
0.251608
0.251992
0.252421
0.252895
0.253415
0.253983
0.2546
0.255268
0.25599
0.256767
0.257602
0.258497
0.259456
0.260482
0.261579
0.262752
0.264005
0.265345
0.266776
0.268308
0.269947
0.271705
0.273592
0.275623
0.277812
0.28018
0.28275
0.285551
0.288621
0.292006
0.29577
0.3
0.30482
0.31042
0.317114
0.325501
0.337026
0.358828
-1
-1
-1
-1
-1
-1
-1
-1
-1
-1
-1
-1
-1
-1
-1
-1
-1
-1
-1
-1
-1
-1
-1
-1
-1
-1
-1
-1
-1
-1
-1
-1
-1
-1
-1
-1
-1
-1
-1
-1
-1
-1
-1
-1
-1
-1
-1
-1
-1
-1
-1
-1
-1
-1
-1
-1
-1
-1
-1
-1
-1
-1
-1
-1
-1
-1
-1
-1
-1
-1
-1
-1
-1
-1
-1
-1
-1
-1
-1
-1
-1
-1
-1
-1
-1
-1
-1
-1
-1
-1
-1
-1
-1
-1
-1
-1
-1
-1
-1
-1
-1
-1
-1
-1
-1
-1
-1
0.339761
0.326006
0.316722
0.309528
0.303608
0.298565
0.294169
0.290277
0.28679
0.283637
0.280766
0.278136
0.275717
0.273481
0.27141
0.269485
0.267693
0.266022
0.264461
0.263001
0.261634
0.260355
0.259157
0.258035
0.256984
0.256001
0.255082
0.254223
0.253422
0.252676
0.251982
0.25134
0.250747
0.250201
0.2497
0.249245
0.248832
0.248462
0.248133
0.247844
0.247596
0.247386
0.247216
0.247083
0.246989
0.246932
0.246914
0.246932
0.246989
0.247083
0.247216
0.247386
0.247596
0.247844
0.248133
0.248462
0.248832
0.249245
0.2497
0.250201
0.250747
0.25134
0.251982
0.252676
0.253422
0.254223
0.255082
0.256001
0.256984
0.258035
0.259157
0.260355
0.261634
0.263001
0.264461
0.266022
0.267693
0.269485
0.27141
0.273481
0.275717
0.278136
0.280766
0.283637
0.28679
0.290277
0.294169
0.298565
0.303608
0.309528
0.316722
0.326006
0.339761
-1
-1
-1
-1
-1
-1
-1
-1
-1
-1
-1
-1
-1
-1
-1
-1
-1
-1
-1
-1
-1
-1
-1
-1
-1
-1
-1
-1
-1
-1
-1
-1
-1
-1
-1
-1
-1
-1
-1
-1
-1
-1
-1
-1
-1
-1
-1
-1
-1
-1
-1
-1
-1
-1
-1
-1
-1
-1
-1
-1
-1
-1
-1
-1
-1
-1
-1
-1
-1
-1
-1
-1
-1
-1
-1
-1
-1
-1
-1
-1
-1
-1
-1
-1
-1
-1
-1
-1
-1
-1
-1
-1
-1
-1
-1
-1
-1
-1
-1
-1
-1
-1
-1
-1
-1
-1
0.345127
0.32717
0.316664
0.308856
0.302561
0.297263
0.292683
0.288651
0.285054
0.281812
0.278867
0.276174
0.2737
0.271418
0.269304
0.267342
0.265515
0.263812
0.26222
0.260732
0.259339
0.258034
0.256811
0.255665
0.25459
0.253583
0.252641
0.251759
0.250934
0.250165
0.249448
0.248782
0.248164
0.247594
0.247068
0.246587
0.246148
0.245751
0.245394
0.245077
0.244799
0.24456
0.244358
0.244194
0.244066
0.243975
0.243921
0.243902
0.243921
0.243975
0.244066
0.244193
0.244358
0.24456
0.244799
0.245077
0.245394
0.245751
0.246148
0.246587
0.247068
0.247594
0.248164
0.248782
0.249448
0.250165
0.250934
0.251759
0.252641
0.253583
0.25459
0.255665
0.256811
0.258034
0.259339
0.260732
0.26222
0.263812
0.265515
0.267342
0.269304
0.271418
0.2737
0.276174
0.278867
0.281812
0.285054
0.288651
0.292683
0.297263
0.302561
0.308856
0.316664
0.32717
0.345127
-1
-1
-1
-1
-1
-1
-1
-1
-1
-1
-1
-1
-1
-1
-1
-1
-1
-1
-1
-1
-1
-1
-1
-1
-1
-1
-1
-1
-1
-1
-1
-1
-1
-1
-1
-1
-1
-1
-1
-1
-1
-1
-1
-1
-1
-1
-1
-1
-1
-1
-1
-1
-1
-1
-1
-1
-1
-1
-1
-1
-1
-1
-1
-1
-1
-1
-1
-1
-1
-1
-1
-1
-1
-1
-1
-1
-1
-1
-1
-1
-1
-1
-1
-1
-1
-1
-1
-1
-1
-1
-1
-1
-1
-1
-1
-1
-1
-1
-1
-1
-1
-1
-1
-1
-1
0.329333
0.317025
0.308435
0.301692
0.296101
0.291315
0.287129
0.283412
0.280075
0.277051
0.274292
0.271762
0.26943
0.267273
0.265272
0.26341
0.261674
0.260053
0.258536
0.257116
0.255786
0.254538
0.253368
0.25227
0.251241
0.250275
0.249371
0.248524
0.247732
0.246993
0.246304
0.245663
0.245069
0.24452
0.244014
0.243551
0.243128
0.242745
0.242402
0.242096
0.241829
0.241598
0.241403
0.241245
0.241122
0.241034
0.240981
0.240964
0.240981
0.241034
0.241122
0.241245
0.241403
0.241598
0.241829
0.242096
0.242402
0.242745
0.243128
0.243551
0.244014
0.24452
0.245069
0.245663
0.246304
0.246993
0.247732
0.248524
0.249371
0.250275
0.251241
0.25227
0.253368
0.254538
0.255786
0.257116
0.258536
0.260053
0.261674
0.26341
0.265272
0.267273
0.26943
0.271762
0.274292
0.277051
0.280075
0.283412
0.287129
0.291315
0.296101
0.301692
0.308435
0.317025
0.329333
-1
-1
-1
-1
-1
-1
-1
-1
-1
-1
-1
-1
-1
-1
-1
-1
-1
-1
-1
-1
-1
-1
-1
-1
-1
-1
-1
-1
-1
-1
-1
-1
-1
-1
-1
-1
-1
-1
-1
-1
-1
-1
-1
-1
-1
-1
-1
-1
-1
-1
-1
-1
-1
-1
-1
-1
-1
-1
-1
-1
-1
-1
-1
-1
-1
-1
-1
-1
-1
-1
-1
-1
-1
-1
-1
-1
-1
-1
-1
-1
-1
-1
-1
-1
-1
-1
-1
-1
-1
-1
-1
-1
-1
-1
-1
-1
-1
-1
-1
-1
-1
-1
-1
-1
0.333334
0.317944
0.308312
0.301022
0.295091
0.290071
0.285714
0.281867
0.278426
0.275318
0.27249
0.2699
0.267517
0.265315
0.263273
0.261375
0.259607
0.257955
0.25641
0.254964
0.253608
0.252336
0.251142
0.250022
0.24897
0.247982
0.247056
0.246188
0.245374
0.244613
0.243902
0.24324
0.242623
0.242052
0.241523
0.241036
0.240589
0.240182
0.239813
0.239482
0.239188
0.238929
0.238707
0.238519
0.238366
0.238247
0.238163
0.238112
0.238095
0.238112
0.238163
0.238247
0.238366
0.238519
0.238707
0.238929
0.239188
0.239482
0.239813
0.240182
0.240589
0.241036
0.241523
0.242052
0.242623
0.24324
0.243902
0.244613
0.245374
0.246188
0.247056
0.247982
0.24897
0.250022
0.251142
0.252336
0.253608
0.254964
0.25641
0.257955
0.259607
0.261375
0.263274
0.265315
0.267517
0.2699
0.27249
0.275318
0.278426
0.281867
0.285714
0.290071
0.295091
0.301022
0.308312
0.317944
0.333334
-1
-1
-1
-1
-1
-1
-1
-1
-1
-1
-1
-1
-1
-1
-1
-1
-1
-1
-1
-1
-1
-1
-1
-1
-1
-1
-1
-1
-1
-1
-1
-1
-1
-1
-1
-1
-1
-1
-1
-1
-1
-1
-1
-1
-1
-1
-1
-1
-1
-1
-1
-1
-1
-1
-1
-1
-1
-1
-1
-1
-1
-1
-1
-1
-1
-1
-1
-1
-1
-1
-1
-1
-1
-1
-1
-1
-1
-1
-1
-1
-1
-1
-1
-1
-1
-1
-1
-1
-1
-1
-1
-1
-1
-1
-1
-1
-1
-1
-1
-1
-1
-1
0.343465
0.319673
0.308556
0.30058
0.294245
0.288957
0.28441
0.280418
0.276865
0.273667
0.270765
0.268113
0.265676
0.263427
0.261345
0.25941
0.257607
0.255925
0.254352
0.252878
0.251497
0.250201
0.248984
0.247841
0.246768
0.245759
0.244811
0.243922
0.243088
0.242306
0.241574
0.24089
0.240253
0.239659
0.239109
0.238599
0.23813
0.237699
0.237307
0.236951
0.236632
0.236348
0.236099
0.235884
0.235703
0.235555
0.235441
0.235359
0.23531
0.235294
0.23531
0.235359
0.235441
0.235555
0.235703
0.235884
0.236099
0.236348
0.236632
0.236951
0.237307
0.237699
0.23813
0.238599
0.239109
0.239659
0.240253
0.24089
0.241574
0.242306
0.243088
0.243922
0.244811
0.245759
0.246768
0.247841
0.248984
0.250201
0.251497
0.252878
0.254352
0.255925
0.257607
0.25941
0.261345
0.263427
0.265676
0.268113
0.270765
0.273667
0.276865
0.280418
0.284409
0.288957
0.294245
0.30058
0.308556
0.319673
0.343464
-1
-1
-1
-1
-1
-1
-1
-1
-1
-1
-1
-1
-1
-1
-1
-1
-1
-1
-1
-1
-1
-1
-1
-1
-1
-1
-1
-1
-1
-1
-1
-1
-1
-1
-1
-1
-1
-1
-1
-1
-1
-1
-1
-1
-1
-1
-1
-1
-1
-1
-1
-1
-1
-1
-1
-1
-1
-1
-1
-1
-1
-1
-1
-1
-1
-1
-1
-1
-1
-1
-1
-1
-1
-1
-1
-1
-1
-1
-1
-1
-1
-1
-1
-1
-1
-1
-1
-1
-1
-1
-1
-1
-1
-1
-1
-1
-1
-1
-1
-1
-1
0.322767
0.309278
0.300404
0.293581
0.287983
0.28322
0.27907
0.275394
0.272099
0.269117
0.266399
0.263906
0.261609
0.259484
0.257511
0.255674
0.25396
0.252358
0.250858
0.249452
0.248132
0.246892
0.245727
0.244632
0.243602
0.242634
0.241724
0.24087
0.240068
0.239316
0.238612
0.237954
0.23734
0.236768
0.236237
0.235747
0.235294
0.234879
0.2345
0.234158
0.233849
0.233575
0.233335
0.233128
0.232953
0.23281
0.2327
0.232621
0.232574
0.232558
0.232574
0.232621
0.2327
0.23281
0.232953
0.233128
0.233335
0.233575
0.233849
0.234158
0.2345
0.234879
0.235294
0.235747
0.236237
0.236768
0.23734
0.237954
0.238612
0.239316
0.240068
0.24087
0.241724
0.242634
0.243602
0.244632
0.245727
0.246892
0.248132
0.249452
0.250858
0.252358
0.25396
0.255674
0.257511
0.259484
0.261609
0.263906
0.266399
0.269117
0.272099
0.275394
0.27907
0.28322
0.287983
0.293581
0.300404
0.309278
0.322767
-1
-1
-1
-1
-1
-1
-1
-1
-1
-1
-1
-1
-1
-1
-1
-1
-1
-1
-1
-1
-1
-1
-1
-1
-1
-1
-1
-1
-1
-1
-1
-1
-1
-1
-1
-1
-1
-1
-1
-1
-1
-1
-1
-1
-1
-1
-1
-1
-1
-1
-1
-1
-1
-1
-1
-1
-1
-1
-1
-1
-1
-1
-1
-1
-1
-1
-1
-1
-1
-1
-1
-1
-1
-1
-1
-1
-1
-1
-1
-1
-1
-1
-1
-1
-1
-1
-1
-1
-1
-1
-1
-1
-1
-1
-1
-1
-1
-1
-1
-1
0.329116
0.31067
0.300553
0.293123
0.28716
0.282151
0.277824
0.274014
0.270614
0.267547
0.264759
0.262207
0.259859
0.257689
0.255677
0.253805
0.252059
0.250428
0.248901
0.247469
0.246125
0.244863
0.243676
0.242559
0.241509
0.240521
0.239591
0.238717
0.237896
0.237125
0.236401
0.235723
0.23509
0.234498
0.233947
0.233436
0.232962
0.232526
0.232126
0.23176
0.231429
0.231132
0.230867
0.230635
0.230435
0.230266
0.230129
0.230022
0.229946
0.2299
0.229885
0.2299
0.229946
0.230022
0.230129
0.230266
0.230435
0.230635
0.230867
0.231132
0.231429
0.23176
0.232126
0.232526
0.232962
0.233436
0.233947
0.234498
0.23509
0.235723
0.236401
0.237124
0.237896
0.238717
0.239591
0.240521
0.241509
0.242559
0.243676
0.244863
0.246125
0.247469
0.248901
0.250428
0.252059
0.253805
0.255677
0.257689
0.259859
0.262207
0.264759
0.267547
0.270614
0.274014
0.277824
0.282151
0.28716
0.293123
0.300553
0.31067
0.329116
-1
-1
-1
-1
-1
-1
-1
-1
-1
-1
-1
-1
-1
-1
-1
-1
-1
-1
-1
-1
-1
-1
-1
-1
-1
-1
-1
-1
-1
-1
-1
-1
-1
-1
-1
-1
-1
-1
-1
-1
-1
-1
-1
-1
-1
-1
-1
-1
-1
-1
-1
-1
-1
-1
-1
-1
-1
-1
-1
-1
-1
-1
-1
-1
-1
-1
-1
-1
-1
-1
-1
-1
-1
-1
-1
-1
-1
-1
-1
-1
-1
-1
-1
-1
-1
-1
-1
-1
-1
-1
-1
-1
-1
-1
-1
-1
-1
-1
-1
0.313119
0.301115
0.292905
0.286503
0.281211
0.276685
0.272727
0.269213
0.266055
0.263191
0.260577
0.258175
0.255959
0.253906
0.251998
0.25022
0.248559
0.247005
0.245547
0.24418
0.242894
0.241686
0.240548
0.239478
0.23847
0.237521
0.236628
0.235787
0.234997
0.234255
0.233558
0.232906
0.232295
0.231725
0.231194
0.230701
0.230244
0.229823
0.229437
0.229084
0.228764
0.228477
0.228222
0.227998
0.227804
0.227641
0.227508
0.227405
0.227331
0.227287
0.227273
0.227287
0.227331
0.227405
0.227508
0.227641
0.227804
0.227998
0.228222
0.228477
0.228764
0.229084
0.229437
0.229823
0.230244
0.230701
0.231194
0.231725
0.232295
0.232906
0.233558
0.234255
0.234997
0.235787
0.236628
0.237521
0.23847
0.239478
0.240548
0.241685
0.242894
0.24418
0.245547
0.247005
0.248559
0.25022
0.251998
0.253906
0.255959
0.258175
0.260577
0.263191
0.266055
0.269213
0.272727
0.276685
0.281211
0.286503
0.292905
0.301115
0.313119
-1
-1
-1
-1
-1
-1
-1
-1
-1
-1
-1
-1
-1
-1
-1
-1
-1
-1
-1
-1
-1
-1
-1
-1
-1
-1
-1
-1
-1
-1
-1
-1
-1
-1
-1
-1
-1
-1
-1
-1
-1
-1
-1
-1
-1
-1
-1
-1
-1
-1
-1
-1
-1
-1
-1
-1
-1
-1
-1
-1
-1
-1
-1
-1
-1
-1
-1
-1
-1
-1
-1
-1
-1
-1
-1
-1
-1
-1
-1
-1
-1
-1
-1
-1
-1
-1
-1
-1
-1
-1
-1
-1
-1
-1
-1
-1
-1
-1
0.317691
0.302239
0.292975
0.286035
0.28041
0.275658
0.271536
0.267896
0.264639
0.261696
0.259015
0.256557
0.254293
0.252198
0.250253
0.248441
0.24675
0.245167
0.243684
0.242292
0.240984
0.239754
0.238596
0.237505
0.236478
0.23551
0.234599
0.23374
0.232932
0.232171
0.231456
0.230785
0.230156
0.229568
0.229018
0.228506
0.22803
0.227589
0.227183
0.22681
0.226469
0.22616
0.225883
0.225636
0.22542
0.225233
0.225075
0.224947
0.224847
0.224776
0.224733
0.224719
0.224733
0.224776
0.224847
0.224947
0.225075
0.225233
0.22542
0.225636
0.225883
0.22616
0.226469
0.22681
0.227183
0.227589
0.22803
0.228506
0.229018
0.229568
0.230156
0.230785
0.231456
0.232171
0.232932
0.23374
0.234599
0.23551
0.236478
0.237505
0.238596
0.239754
0.240984
0.242292
0.243684
0.245167
0.24675
0.248441
0.250253
0.252198
0.254293
0.256557
0.259015
0.261696
0.264639
0.267896
0.271536
0.275658
0.28041
0.286035
0.292975
0.302239
0.317691
-1
-1
-1
-1
-1
-1
-1
-1
-1
-1
-1
-1
-1
-1
-1
-1
-1
-1
-1
-1
-1
-1
-1
-1
-1
-1
-1
-1
-1
-1
-1
-1
-1
-1
-1
-1
-1
-1
-1
-1
-1
-1
-1
-1
-1
-1
-1
-1
-1
-1
-1
-1
-1
-1
-1
-1
-1
-1
-1
-1
-1
-1
-1
-1
-1
-1
-1
-1
-1
-1
-1
-1
-1
-1
-1
-1
-1
-1
-1
-1
-1
-1
-1
-1
-1
-1
-1
-1
-1
-1
-1
-1
-1
-1
-1
-1
-1
0.304208
0.293406
0.285782
0.279763
0.274751
0.270445
0.266667
0.263302
0.260273
0.257521
0.255004
0.252689
0.250551
0.248567
0.24672
0.244998
0.243387
0.241878
0.240462
0.239131
0.237879
0.236701
0.23559
0.234544
0.233558
0.232628
0.231751
0.230925
0.230147
0.229415
0.228726
0.228079
0.227473
0.226905
0.226375
0.225881
0.225421
0.224996
0.224603
0.224243
0.223914
0.223616
0.223347
0.223109
0.2229
0.222719
0.222566
0.222442
0.222346
0.222277
0.222236
0.222222
0.222236
0.222277
0.222346
0.222442
0.222566
0.222719
0.2229
0.223109
0.223347
0.223616
0.223914
0.224243
0.224603
0.224996
0.225421
0.225881
0.226375
0.226905
0.227473
0.228079
0.228726
0.229415
0.230147
0.230925
0.231751
0.232628
0.233558
0.234544
0.23559
0.236701
0.237879
0.239131
0.240462
0.241878
0.243387
0.244998
0.24672
0.248567
0.250551
0.252689
0.255004
0.257521
0.260273
0.263302
0.266667
0.270445
0.274751
0.279763
0.285782
0.293406
0.304208
-1
-1
-1
-1
-1
-1
-1
-1
-1
-1
-1
-1
-1
-1
-1
-1
-1
-1
-1
-1
-1
-1
-1
-1
-1
-1
-1
-1
-1
-1
-1
-1
-1
-1
-1
-1
-1
-1
-1
-1
-1
-1
-1
-1
-1
-1
-1
-1
-1
-1
-1
-1
-1
-1
-1
-1
-1
-1
-1
-1
-1
-1
-1
-1
-1
-1
-1
-1
-1
-1
-1
-1
-1
-1
-1
-1
-1
-1
-1
-1
-1
-1
-1
-1
-1
-1
-1
-1
-1
-1
-1
-1
-1
-1
-1
-1
0.307692
0.294315
0.285787
0.279287
0.273973
0.269458
0.265527
0.262045
0.258923
0.256095
0.253516
0.251148
0.248963
0.246939
0.245057
0.243303
0.241663
0.240127
0.238686
0.237333
0.236059
0.23486
0.23373
0.232665
0.23166
0.230712
0.229818
0.228975
0.22818
0.22743
0.226725
0.226061
0.225438
0.224853
0.224305
0.223793
0.223316
0.222872
0.222461
0.222082
0.221734
0.221416
0.221128
0.220868
0.220638
0.220435
0.220261
0.220113
0.219993
0.2199
0.219833
0.219793
0.21978
0.219793
0.219833
0.2199
0.219993
0.220113
0.220261
0.220435
0.220638
0.220868
0.221128
0.221416
0.221734
0.222082
0.222461
0.222872
0.223316
0.223793
0.224305
0.224853
0.225438
0.226061
0.226725
0.22743
0.22818
0.228975
0.229818
0.230712
0.23166
0.232665
0.23373
0.23486
0.236059
0.237333
0.238687
0.240127
0.241663
0.243303
0.245057
0.246939
0.248963
0.251148
0.253516
0.256095
0.258923
0.262045
0.265527
0.269458
0.273973
0.279287
0.285787
0.294315
0.307692
-1
-1
-1
-1
-1
-1
-1
-1
-1
-1
-1
-1
-1
-1
-1
-1
-1
-1
-1
-1
-1
-1
-1
-1
-1
-1
-1
-1
-1
-1
-1
-1
-1
-1
-1
-1
-1
-1
-1
-1
-1
-1
-1
-1
-1
-1
-1
-1
-1
-1
-1
-1
-1
-1
-1
-1
-1
-1
-1
-1
-1
-1
-1
-1
-1
-1
-1
-1
-1
-1
-1
-1
-1
-1
-1
-1
-1
-1
-1
-1
-1
-1
-1
-1
-1
-1
-1
-1
-1
-1
-1
-1
-1
-1
0.315652
0.295914
0.286109
0.279007
0.273335
0.268582
0.26448
0.26087
0.257646
0.254738
0.252091
0.249667
0.247434
0.245368
0.243449
0.241662
0.239993
0.23843
0.236964
0.235588
0.234292
0.233073
0.231923
0.230839
0.229816
0.228851
0.22794
0.227079
0.226268
0.225502
0.22478
0.2241
0.22346
0.222859
0.222294
0.221765
0.221271
0.22081
0.220381
0.219984
0.219618
0.219281
0.218974
0.218695
0.218444
0.218221
0.218025
0.217856
0.217714
0.217597
0.217507
0.217443
0.217404
0.217391
0.217404
0.217443
0.217507
0.217597
0.217714
0.217856
0.218025
0.218221
0.218444
0.218695
0.218974
0.219281
0.219618
0.219984
0.220381
0.22081
0.221271
0.221765
0.222294
0.222859
0.22346
0.2241
0.22478
0.225502
0.226268
0.227079
0.22794
0.228851
0.229816
0.230839
0.231923
0.233073
0.234292
0.235588
0.236964
0.23843
0.239993
0.241662
0.243449
0.245368
0.247434
0.249667
0.252091
0.254738
0.257646
0.26087
0.26448
0.268582
0.273335
0.279007
0.28611
0.295914
0.315652
-1
-1
-1
-1
-1
-1
-1
-1
-1
-1
-1
-1
-1
-1
-1
-1
-1
-1
-1
-1
-1
-1
-1
-1
-1
-1
-1
-1
-1
-1
-1
-1
-1
-1
-1
-1
-1
-1
-1
-1
-1
-1
-1
-1
-1
-1
-1
-1
-1
-1
-1
-1
-1
-1
-1
-1
-1
-1
-1
-1
-1
-1
-1
-1
-1
-1
-1
-1
-1
-1
-1
-1
-1
-1
-1
-1
-1
-1
-1
-1
-1
-1
-1
-1
-1
-1
-1
-1
-1
-1
-1
-1
-1
0.298657
0.286844
0.278958
0.272855
0.267826
0.263531
0.259778
0.256444
0.253448
0.25073
0.248246
0.245963
0.243853
0.241896
0.240075
0.238375
0.236785
0.235294
0.233894
0.232577
0.231337
0.230168
0.229065
0.228024
0.227042
0.226113
0.225237
0.224409
0.223627
0.222889
0.222193
0.221537
0.22092
0.220339
0.219794
0.219283
0.218806
0.21836
0.217946
0.217562
0.217208
0.216882
0.216585
0.216315
0.216073
0.215857
0.215667
0.215504
0.215366
0.215253
0.215166
0.215104
0.215066
0.215054
0.215066
0.215104
0.215166
0.215253
0.215366
0.215504
0.215667
0.215857
0.216073
0.216315
0.216585
0.216882
0.217208
0.217562
0.217946
0.21836
0.218806
0.219283
0.219794
0.220339
0.22092
0.221537
0.222193
0.222889
0.223627
0.224409
0.225237
0.226113
0.227042
0.228024
0.229065
0.230168
0.231337
0.232577
0.233894
0.235294
0.236785
0.238375
0.240075
0.241896
0.243853
0.245963
0.248246
0.25073
0.253448
0.256444
0.259778
0.263531
0.267826
0.272855
0.278958
0.286843
0.298656
-1
-1
-1
-1
-1
-1
-1
-1
-1
-1
-1
-1
-1
-1
-1
-1
-1
-1
-1
-1
-1
-1
-1
-1
-1
-1
-1
-1
-1
-1
-1
-1
-1
-1
-1
-1
-1
-1
-1
-1
-1
-1
-1
-1
-1
-1
-1
-1
-1
-1
-1
-1
-1
-1
-1
-1
-1
-1
-1
-1
-1
-1
-1
-1
-1
-1
-1
-1
-1
-1
-1
-1
-1
-1
-1
-1
-1
-1
-1
-1
-1
-1
-1
-1
-1
-1
-1
-1
-1
-1
-1
-1
0.303981
0.288152
0.27919
0.272553
0.2672
0.262685
0.258773
0.255319
0.252228
0.249433
0.246886
0.244549
0.242393
0.240397
0.238541
0.23681
0.235191
0.233674
0.23225
0.230911
0.22965
0.228462
0.227341
0.226282
0.225282
0.224337
0.223444
0.2226
0.221803
0.221049
0.220338
0.219667
0.219034
0.218438
0.217877
0.217351
0.216858
0.216396
0.215966
0.215565
0.215194
0.214851
0.214536
0.214248
0.213987
0.213753
0.213544
0.21336
0.213202
0.213068
0.212959
0.212874
0.212814
0.212778
0.212766
0.212778
0.212814
0.212874
0.212959
0.213068
0.213202
0.21336
0.213544
0.213753
0.213987
0.214248
0.214536
0.214851
0.215194
0.215565
0.215966
0.216396
0.216858
0.217351
0.217877
0.218438
0.219034
0.219667
0.220338
0.221049
0.221803
0.2226
0.223444
0.224337
0.225282
0.226282
0.227341
0.228462
0.22965
0.230911
0.23225
0.233674
0.235191
0.23681
0.238541
0.240397
0.242393
0.244549
0.246886
0.249433
0.252228
0.255319
0.258773
0.262685
0.2672
0.272553
0.27919
0.288152
0.303981
-1
-1
-1
-1
-1
-1
-1
-1
-1
-1
-1
-1
-1
-1
-1
-1
-1
-1
-1
-1
-1
-1
-1
-1
-1
-1
-1
-1
-1
-1
-1
-1
-1
-1
-1
-1
-1
-1
-1
-1
-1
-1
-1
-1
-1
-1
-1
-1
-1
-1
-1
-1
-1
-1
-1
-1
-1
-1
-1
-1
-1
-1
-1
-1
-1
-1
-1
-1
-1
-1
-1
-1
-1
-1
-1
-1
-1
-1
-1
-1
-1
-1
-1
-1
-1
-1
-1
-1
-1
-1
-1
0.290355
0.27978
0.27246
0.266717
0.26195
0.257859
0.254272
0.251078
0.248201
0.245586
0.243192
0.240989
0.23895
0.237058
0.235294
0.233646
0.232103
0.230655
0.229294
0.228012
0.226804
0.225664
0.224588
0.223571
0.22261
0.221701
0.220841
0.220028
0.21926
0.218533
0.217847
0.217199
0.216589
0.216013
0.215472
0.214963
0.214486
0.21404
0.213623
0.213236
0.212877
0.212545
0.21224
0.211962
0.211709
0.211482
0.211279
0.211102
0.210948
0.210819
0.210713
0.210631
0.210573
0.210538
0.210526
0.210538
0.210573
0.210631
0.210713
0.210819
0.210948
0.211102
0.211279
0.211482
0.211709
0.211962
0.21224
0.212545
0.212877
0.213236
0.213623
0.21404
0.214486
0.214963
0.215472
0.216013
0.216589
0.217199
0.217847
0.218533
0.21926
0.220028
0.220841
0.221701
0.22261
0.223571
0.224588
0.225664
0.226804
0.228012
0.229294
0.230655
0.232103
0.233646
0.235294
0.237058
0.23895
0.240988
0.243192
0.245586
0.248201
0.251078
0.254272
0.257859
0.26195
0.266717
0.27246
0.27978
0.290355
-1
-1
-1
-1
-1
-1
-1
-1
-1
-1
-1
-1
-1
-1
-1
-1
-1
-1
-1
-1
-1
-1
-1
-1
-1
-1
-1
-1
-1
-1
-1
-1
-1
-1
-1
-1
-1
-1
-1
-1
-1
-1
-1
-1
-1
-1
-1
-1
-1
-1
-1
-1
-1
-1
-1
-1
-1
-1
-1
-1
-1
-1
-1
-1
-1
-1
-1
-1
-1
-1
-1
-1
-1
-1
-1
-1
-1
-1
-1
-1
-1
-1
-1
-1
-1
-1
-1
-1
-1
-1
0.294299
0.280855
0.272617
0.266398
0.261336
0.257042
0.253307
0.25
0.247033
0.244346
0.241892
0.239638
0.237556
0.235625
0.233828
0.232151
0.23058
0.229108
0.227724
0.226421
0.225193
0.224035
0.222941
0.221907
0.220929
0.220004
0.219129
0.218301
0.217518
0.216777
0.216076
0.215414
0.214789
0.214199
0.213643
0.21312
0.212628
0.212167
0.211735
0.211332
0.210957
0.21061
0.210289
0.209994
0.209724
0.209479
0.209259
0.209063
0.208891
0.208742
0.208617
0.208515
0.208435
0.208379
0.208345
0.208333
0.208345
0.208379
0.208435
0.208515
0.208617
0.208742
0.208891
0.209063
0.209259
0.209479
0.209724
0.209994
0.210289
0.21061
0.210957
0.211332
0.211735
0.212167
0.212628
0.21312
0.213643
0.214199
0.214789
0.215414
0.216076
0.216777
0.217518
0.218301
0.219129
0.220004
0.220929
0.221907
0.222941
0.224035
0.225193
0.226421
0.227724
0.229108
0.23058
0.232151
0.233828
0.235625
0.237556
0.239638
0.241892
0.244346
0.247033
0.25
0.253307
0.257042
0.261336
0.266398
0.272617
0.280855
0.294299
-1
-1
-1
-1
-1
-1
-1
-1
-1
-1
-1
-1
-1
-1
-1
-1
-1
-1
-1
-1
-1
-1
-1
-1
-1
-1
-1
-1
-1
-1
-1
-1
-1
-1
-1
-1
-1
-1
-1
-1
-1
-1
-1
-1
-1
-1
-1
-1
-1
-1
-1
-1
-1
-1
-1
-1
-1
-1
-1
-1
-1
-1
-1
-1
-1
-1
-1
-1
-1
-1
-1
-1
-1
-1
-1
-1
-1
-1
-1
-1
-1
-1
-1
-1
-1
-1
-1
-1
0.307692
0.282651
0.273087
0.266268
0.260854
0.256328
0.252427
0.248996
0.245932
0.243166
0.240649
0.23834
0.236213
0.234242
0.232411
0.230702
0.229104
0.227606
0.226199
0.224875
0.223627
0.22245
0.221339
0.220288
0.219294
0.218354
0.217463
0.216621
0.215823
0.215067
0.214353
0.213676
0.213037
0.212433
0.211863
0.211325
0.21082
0.210344
0.209898
0.20948
0.209091
0.208728
0.208391
0.20808
0.207794
0.207533
0.207296
0.207083
0.206893
0.206726
0.206582
0.20646
0.206361
0.206284
0.206229
0.206197
0.206186
0.206197
0.206229
0.206284
0.206361
0.20646
0.206582
0.206726
0.206893
0.207083
0.207296
0.207533
0.207794
0.20808
0.208391
0.208728
0.209091
0.20948
0.209898
0.210344
0.21082
0.211326
0.211863
0.212433
0.213037
0.213676
0.214353
0.215067
0.215823
0.216621
0.217463
0.218354
0.219294
0.220288
0.221339
0.22245
0.223627
0.224875
0.226199
0.227606
0.229104
0.230702
0.232411
0.234242
0.236213
0.23834
0.240649
0.243166
0.245932
0.248996
0.252427
0.256328
0.260854
0.266268
0.273087
0.282651
0.307692
-1
-1
-1
-1
-1
-1
-1
-1
-1
-1
-1
-1
-1
-1
-1
-1
-1
-1
-1
-1
-1
-1
-1
-1
-1
-1
-1
-1
-1
-1
-1
-1
-1
-1
-1
-1
-1
-1
-1
-1
-1
-1
-1
-1
-1
-1
-1
-1
-1
-1
-1
-1
-1
-1
-1
-1
-1
-1
-1
-1
-1
-1
-1
-1
-1
-1
-1
-1
-1
-1
-1
-1
-1
-1
-1
-1
-1
-1
-1
-1
-1
-1
-1
-1
-1
-1
-1
0.285714
0.273973
0.266362
0.260521
0.255726
0.251638
0.248068
0.244898
0.242048
0.239462
0.237097
0.234921
0.232909
0.231041
0.2293
0.227674
0.22615
0.224719
0.223373
0.222106
0.22091
0.21978
0.218713
0.217703
0.216747
0.215842
0.214984
0.214172
0.213403
0.212674
0.211984
0.211331
0.210714
0.21013
0.209579
0.209059
0.20857
0.20811
0.207678
0.207274
0.206897
0.206545
0.206219
0.205918
0.205641
0.205388
0.205158
0.204951
0.204767
0.204606
0.204466
0.204348
0.204252
0.204177
0.204124
0.204092
0.204082
0.204092
0.204124
0.204177
0.204252
0.204348
0.204466
0.204606
0.204767
0.204951
0.205158
0.205388
0.205641
0.205918
0.206219
0.206545
0.206897
0.207274
0.207678
0.20811
0.20857
0.209059
0.209579
0.21013
0.210714
0.211331
0.211984
0.212674
0.213403
0.214172
0.214984
0.215842
0.216747
0.217703
0.218713
0.21978
0.22091
0.222106
0.223373
0.224719
0.22615
0.227674
0.2293
0.231041
0.232909
0.234921
0.237097
0.239462
0.242048
0.244898
0.248068
0.251638
0.255726
0.260521
0.266362
0.273973
0.285714
-1
-1
-1
-1
-1
-1
-1
-1
-1
-1
-1
-1
-1
-1
-1
-1
-1
-1
-1
-1
-1
-1
-1
-1
-1
-1
-1
-1
-1
-1
-1
-1
-1
-1
-1
-1
-1
-1
-1
-1
-1
-1
-1
-1
-1
-1
-1
-1
-1
-1
-1
-1
-1
-1
-1
-1
-1
-1
-1
-1
-1
-1
-1
-1
-1
-1
-1
-1
-1
-1
-1
-1
-1
-1
-1
-1
-1
-1
-1
-1
-1
-1
-1
-1
-1
-1
0.292186
0.275451
0.266733
0.26036
0.255246
0.250944
0.24722
0.243933
0.240992
0.238332
0.235906
0.233679
0.231624
0.229718
0.227944
0.226288
0.224737
0.223283
0.221915
0.220627
0.219412
0.218264
0.21718
0.216154
0.215182
0.214262
0.213391
0.212564
0.211781
0.211039
0.210336
0.20967
0.209039
0.208442
0.207878
0.207345
0.206842
0.206369
0.205924
0.205506
0.205114
0.204749
0.204408
0.204092
0.203801
0.203532
0.203287
0.203064
0.202864
0.202685
0.202528
0.202393
0.202279
0.202185
0.202113
0.202061
0.202031
0.20202
0.202031
0.202061
0.202113
0.202185
0.202279
0.202393
0.202528
0.202685
0.202864
0.203064
0.203287
0.203532
0.203801
0.204092
0.204408
0.204749
0.205114
0.205506
0.205924
0.206369
0.206842
0.207345
0.207878
0.208442
0.209039
0.20967
0.210336
0.211039
0.211781
0.212564
0.213391
0.214262
0.215182
0.216154
0.21718
0.218264
0.219412
0.220627
0.221915
0.223283
0.224737
0.226288
0.227944
0.229718
0.231624
0.233679
0.235906
0.238332
0.240992
0.243933
0.24722
0.250944
0.255246
0.26036
0.266733
0.275451
0.292186
-1
-1
-1
-1
-1
-1
-1
-1
-1
-1
-1
-1
-1
-1
-1
-1
-1
-1
-1
-1
-1
-1
-1
-1
-1
-1
-1
-1
-1
-1
-1
-1
-1
-1
-1
-1
-1
-1
-1
-1
-1
-1
-1
-1
-1
-1
-1
-1
-1
-1
-1
-1
-1
-1
-1
-1
-1
-1
-1
-1
-1
-1
-1
-1
-1
-1
-1
-1
-1
-1
-1
-1
-1
-1
-1
-1
-1
-1
-1
-1
-1
-1
-1
-1
-1
0.277899
0.267462
0.260401
0.254903
0.250354
0.246456
0.243041
0.24
0.23726
0.23477
0.232488
0.230387
0.228441
0.226633
0.224946
0.223368
0.221889
0.220498
0.219189
0.217955
0.21679
0.215688
0.214646
0.213659
0.212725
0.211839
0.210998
0.210202
0.209446
0.20873
0.208051
0.207407
0.206798
0.206221
0.205675
0.20516
0.204673
0.204215
0.203784
0.203379
0.203
0.202646
0.202316
0.20201
0.201727
0.201467
0.201229
0.201013
0.200818
0.200645
0.200493
0.200362
0.200251
0.20016
0.20009
0.20004
0.20001
0.2
0.20001
0.20004
0.20009
0.20016
0.200251
0.200362
0.200493
0.200645
0.200818
0.201013
0.201229
0.201467
0.201727
0.20201
0.202316
0.202646
0.203
0.203379
0.203784
0.204215
0.204673
0.20516
0.205675
0.206221
0.206798
0.207407
0.208051
0.20873
0.209446
0.210202
0.210998
0.211839
0.212725
0.213659
0.214646
0.215688
0.21679
0.217955
0.219189
0.220498
0.221889
0.223368
0.224946
0.226633
0.228441
0.230387
0.232488
0.23477
0.23726
0.24
0.243041
0.246456
0.250354
0.254903
0.260401
0.267462
0.277899
-1
-1
-1
-1
-1
-1
-1
-1
-1
-1
-1
-1
-1
-1
-1
-1
-1
-1
-1
-1
-1
-1
-1
-1
-1
-1
-1
-1
-1
-1
-1
-1
-1
-1
-1
-1
-1
-1
-1
-1
-1
-1
